-1.000000
3202.000000
5884.000000
4109.000000
11044.000000
14035.000000
3654.000000
4927.000000
4482.000000
4879.000000
7415.000000
3202.000000
-1.000000
4069.000000
2295.000000
11099.000000
14090.000000
1839.000000
3112.000000
3588.000000
3064.000000
6749.000000
5888.000000
4073.000000
-1.000000
1770.000000
13785.000000
16776.000000
2592.000000
1134.000000
4725.000000
2549.000000
5864.000000
4109.000000
2295.000000
1766.000000
-1.000000
12006.000000
14997.000000
814.000000
809.000000
3307.000000
770.000000
4446.000000
6497.000000
6552.000000
9234.000000
7459.000000
-1.000000
5198.000000
7004.000000
8277.000000
7571.000000
8229.000000
10504.000000
9488.000000
9543.000000
12225.000000
10450.000000
5198.000000
-1.000000
9995.000000
11268.000000
10563.000000
11220.000000
13496.000000
3654.000000
1839.000000
2588.000000
814.000000
11551.000000
14542.000000
-1.000000
1631.000000
2678.000000
1583.000000
5267.000000
4931.000000
3116.000000
1134.000000
813.000000
12827.000000
15819.000000
1635.000000
-1.000000
3768.000000
1591.000000
4907.000000
4656.000000
3588.000000
4474.000000
3032.000000
12247.000000
15238.000000
2678.000000
3517.000000
-1.000000
3810.000000
3180.000000
4879.000000
3064.000000
2544.000000
770.000000
12776.000000
15767.000000
1583.000000
1587.000000
4085.000000
-1.000000
5224.000000
7252.000000
6569.000000
5707.000000
4266.000000
14843.000000
17834.000000
5088.000000
4750.000000
3204.000000
5044.000000
-1.000000
