-1.000000
316.000000
527.000000
349.000000
718.000000
995.000000
324.000000
437.000000
561.000000
464.000000
599.000000
341.000000
-1.000000
388.000000
210.000000
718.000000
995.000000
185.000000
298.000000
427.000000
325.000000
567.000000
563.000000
407.000000
-1.000000
198.000000
940.000000
1217.000000
271.000000
134.000000
466.000000
317.000000
511.000000
365.000000
209.000000
177.000000
-1.000000
741.000000
1019.000000
73.000000
87.000000
312.000000
114.000000
356.000000
427.000000
423.000000
634.000000
457.000000
-1.000000
431.000000
431.000000
544.000000
612.000000
572.000000
650.000000
699.000000
695.000000
906.000000
728.000000
431.000000
-1.000000
703.000000
816.000000
884.000000
843.000000
922.000000
343.000000
188.000000
265.000000
87.000000
720.000000
998.000000
-1.000000
175.000000
339.000000
202.000000
444.000000
467.000000
311.000000
136.000000
102.000000
844.000000
1122.000000
175.000000
-1.000000
370.000000
221.000000
415.000000
549.000000
430.000000
436.000000
287.000000
859.000000
1137.000000
350.000000
346.000000
-1.000000
407.000000
357.000000
489.000000
333.000000
296.000000
111.000000
866.000000
1143.000000
197.000000
206.000000
431.000000
-1.000000
475.000000
694.000000
600.000000
539.000000
390.000000
1004.000000
1281.000000
464.000000
449.000000
358.000000
510.000000
-1.000000
