-1.000000
10653.000000
9691.000000
12445.000000
11543.000000
12535.000000
9600.000000
9576.000000
9465.000000
10157.000000
12511.000000
12589.000000
13478.000000
10406.000000
12858.000000
12166.000000
9782.000000
8207.000000
11423.000000
9130.000000
6879.000000
7208.000000
12168.000000
10766.000000
7137.000000
7210.000000
9144.000000
5860.000000
5414.000000
6769.000000
6695.000000
8034.000000
12428.000000
9594.000000
9747.000000
11888.000000
12124.000000
8047.000000
8851.000000
9184.000000
10487.000000
10319.000000
10198.000000
12490.000000
12358.000000
11810.000000
11639.000000
11471.000000
9669.000000
9283.000000
11188.000000
11541.000000
10333.000000
10684.000000
9559.000000
13699.000000
7462.000000
-1.000000
4109.000000
5934.000000
882.000000
1873.000000
4019.000000
2124.000000
2547.000000
2705.000000
1850.000000
1927.000000
2816.000000
4824.000000
2519.000000
1504.000000
871.000000
14353.000000
770.000000
1894.000000
4130.000000
4499.000000
2915.000000
3307.000000
4428.000000
4500.000000
5629.000000
12006.000000
11560.000000
12915.000000
12841.000000
14181.000000
1766.000000
2677.000000
2295.000000
1226.000000
1462.000000
14193.000000
14997.000000
2113.000000
805.000000
744.000000
814.000000
1829.000000
1696.000000
1148.000000
978.000000
809.000000
3158.000000
2773.000000
535.000000
879.000000
2181.000000
3487.000000
3977.000000
4446.000000
6499.000000
4109.000000
-1.000000
6161.000000
4999.000000
5991.000000
1313.000000
3032.000000
2921.000000
3613.000000
5967.000000
6045.000000
6934.000000
764.000000
6636.000000
5622.000000
3238.000000
13390.000000
4879.000000
2585.000000
3168.000000
3536.000000
5884.000000
4482.000000
3465.000000
3538.000000
4667.000000
11044.000000
10598.000000
11952.000000
11878.000000
13218.000000
5884.000000
3050.000000
3202.000000
5344.000000
5580.000000
13230.000000
14035.000000
2901.000000
3943.000000
3775.000000
3654.000000
5946.000000
5814.000000
5266.000000
5095.000000
4927.000000
3385.000000
3000.000000
4644.000000
4997.000000
4050.000000
4400.000000
1271.000000
7415.000000
9213.000000
5930.000000
6166.000000
-1.000000
6820.000000
6806.000000
6075.000000
6051.000000
5940.000000
6632.000000
7788.000000
7865.000000
8754.000000
6881.000000
6563.000000
7442.000000
5059.000000
16104.000000
6700.000000
5366.000000
5881.000000
6250.000000
5872.000000
5070.000000
6179.000000
6251.000000
7380.000000
13757.000000
13311.000000
14666.000000
14592.000000
15931.000000
7704.000000
6069.000000
6222.000000
7164.000000
7400.000000
15944.000000
16748.000000
3489.000000
5763.000000
5595.000000
5474.000000
7142.000000
7634.000000
7086.000000
6916.000000
6747.000000
2776.000000
3375.000000
6465.000000
6817.000000
4637.000000
4988.000000
6034.000000
7403.000000
8340.000000
870.000000
4988.000000
8019.000000
-1.000000
992.000000
4897.000000
3002.000000
3426.000000
3584.000000
2395.000000
2472.000000
3362.000000
5702.000000
1637.000000
2050.000000
1749.000000
15231.000000
1648.000000
2772.000000
5008.000000
5377.000000
2227.000000
3346.000000
5306.000000
5379.000000
6508.000000
12884.000000
12439.000000
13793.000000
13719.000000
15059.000000
2312.000000
3555.000000
3173.000000
1772.000000
2008.000000
15071.000000
15876.000000
2992.000000
1684.000000
1623.000000
1692.000000
1250.000000
1592.000000
1044.000000
873.000000
1354.000000
5243.000000
4858.000000
1413.000000
1425.000000
3060.000000
3526.000000
4856.000000
3456.000000
9332.000000
1862.000000
5979.000000
6800.000000
992.000000
-1.000000
5889.000000
3994.000000
4417.000000
4575.000000
3387.000000
3464.000000
4353.000000
6694.000000
645.000000
3041.000000
2741.000000
16223.000000
2640.000000
3764.000000
6000.000000
6369.000000
1235.000000
2607.000000
6298.000000
6371.000000
7499.000000
13876.000000
13430.000000
14785.000000
14711.000000
16051.000000
3303.000000
4547.000000
4165.000000
2763.000000
2999.000000
16063.000000
16867.000000
3983.000000
2675.000000
2614.000000
2684.000000
584.000000
2049.000000
2035.000000
1865.000000
2346.000000
4024.000000
3639.000000
2405.000000
2416.000000
2849.000000
2787.000000
5847.000000
2464.000000
6409.000000
4019.000000
1313.000000
6071.000000
4909.000000
5900.000000
-1.000000
2941.000000
2830.000000
3523.000000
5877.000000
5954.000000
6843.000000
2027.000000
6546.000000
5531.000000
3148.000000
13300.000000
4789.000000
2495.000000
3077.000000
3446.000000
5794.000000
4392.000000
3374.000000
3447.000000
4576.000000
10953.000000
10507.000000
11862.000000
11788.000000
13127.000000
5793.000000
2959.000000
3112.000000
5253.000000
5489.000000
13140.000000
13944.000000
2810.000000
3852.000000
3684.000000
3563.000000
5856.000000
5723.000000
5175.000000
5005.000000
4836.000000
3295.000000
2909.000000
4554.000000
4906.000000
3959.000000
4310.000000
739.000000
7325.000000
6384.000000
2124.000000
3032.000000
6046.000000
3014.000000
4005.000000
2941.000000
-1.000000
487.000000
582.000000
3982.000000
4059.000000
4948.000000
3746.000000
4651.000000
3636.000000
1253.000000
13275.000000
2894.000000
1135.000000
3052.000000
3421.000000
5047.000000
3417.000000
3350.000000
3423.000000
4551.000000
10928.000000
10483.000000
11837.000000
11763.000000
13103.000000
3898.000000
1599.000000
171.000000
3358.000000
3594.000000
13115.000000
13919.000000
2786.000000
1957.000000
1789.000000
1668.000000
3961.000000
3828.000000
3280.000000
3110.000000
2941.000000
3270.000000
2885.000000
2659.000000
3011.000000
2465.000000
3335.000000
2900.000000
6578.000000
6273.000000
2547.000000
2921.000000
5935.000000
3437.000000
4429.000000
2830.000000
487.000000
-1.000000
437.000000
4405.000000
4483.000000
5372.000000
3635.000000
5074.000000
4060.000000
1676.000000
13164.000000
3317.000000
1023.000000
2941.000000
3310.000000
5470.000000
3841.000000
3239.000000
3312.000000
4440.000000
10817.000000
10371.000000
11726.000000
11652.000000
12992.000000
4322.000000
544.000000
552.000000
3782.000000
4018.000000
13004.000000
13808.000000
2675.000000
2381.000000
2213.000000
2092.000000
4384.000000
4252.000000
3704.000000
3533.000000
3365.000000
3159.000000
2774.000000
3082.000000
3435.000000
2889.000000
3759.000000
2789.000000
7001.000000
7104.000000
2844.000000
3752.000000
6766.000000
3734.000000
4725.000000
3661.000000
720.000000
437.000000
-1.000000
4702.000000
4779.000000
5668.000000
4466.000000
5371.000000
4356.000000
1973.000000
13995.000000
3614.000000
1854.000000
3772.000000
4141.000000
5767.000000
4137.000000
4070.000000
4143.000000
5271.000000
11648.000000
11203.000000
12557.000000
12483.000000
13823.000000
4618.000000
2319.000000
786.000000
4078.000000
4314.000000
13835.000000
14639.000000
3506.000000
2677.000000
2509.000000
2388.000000
4681.000000
4548.000000
4000.000000
3830.000000
3661.000000
3990.000000
3605.000000
3379.000000
3731.000000
3185.000000
4055.000000
3620.000000
7298.000000
9324.000000
1854.000000
5971.000000
7796.000000
2384.000000
3375.000000
5881.000000
3986.000000
4409.000000
4567.000000
-1.000000
1526.000000
2415.000000
6686.000000
4021.000000
1103.000000
2733.000000
16215.000000
2632.000000
3756.000000
5992.000000
6361.000000
4417.000000
4809.000000
6290.000000
6363.000000
7491.000000
13868.000000
13422.000000
14777.000000
14703.000000
16043.000000
1365.000000
4539.000000
4157.000000
998.000000
388.000000
16055.000000
16859.000000
3975.000000
2667.000000
2606.000000
2676.000000
3330.000000
3198.000000
2650.000000
2479.000000
1218.000000
5020.000000
4635.000000
2397.000000
970.000000
4043.000000
4989.000000
5839.000000
5948.000000
9401.000000
1931.000000
6049.000000
7874.000000
2461.000000
3453.000000
5958.000000
4063.000000
4487.000000
4645.000000
1526.000000
-1.000000
889.000000
6763.000000
4098.000000
1012.000000
2810.000000
16292.000000
2709.000000
3833.000000
6069.000000
6438.000000
4494.000000
4886.000000
6367.000000
6440.000000
7569.000000
13945.000000
13500.000000
14854.000000
14780.000000
16120.000000
1274.000000
4616.000000
4234.000000
1075.000000
1138.000000
16132.000000
16937.000000
4053.000000
2744.000000
2684.000000
2753.000000
3408.000000
3275.000000
2727.000000
2557.000000
1295.000000
5098.000000
4712.000000
2474.000000
1048.000000
4121.000000
5066.000000
5917.000000
6025.000000
10291.000000
2820.000000
6938.000000
8763.000000
3350.000000
4342.000000
6848.000000
4953.000000
5376.000000
5534.000000
2415.000000
889.000000
-1.000000
7653.000000
4987.000000
1901.000000
3700.000000
17182.000000
3599.000000
4723.000000
6959.000000
7328.000000
5383.000000
5775.000000
7256.000000
7329.000000
8458.000000
14835.000000
14389.000000
15744.000000
15670.000000
17009.000000
1619.000000
5505.000000
5123.000000
1965.000000
2028.000000
17022.000000
17826.000000
4942.000000
3634.000000
3573.000000
3642.000000
4297.000000
4165.000000
3617.000000
3446.000000
2184.000000
5987.000000
5602.000000
3364.000000
1937.000000
5010.000000
5955.000000
6806.000000
6914.000000
7214.000000
4824.000000
764.000000
6876.000000
5714.000000
6706.000000
2027.000000
3746.000000
3635.000000
4328.000000
6682.000000
6759.000000
7649.000000
-1.000000
7351.000000
6337.000000
3953.000000
14105.000000
5594.000000
3300.000000
3882.000000
4251.000000
6599.000000
5197.000000
4180.000000
4253.000000
5381.000000
11758.000000
11312.000000
12667.000000
12593.000000
13933.000000
6599.000000
3764.000000
3917.000000
6058.000000
6294.000000
13945.000000
14749.000000
3615.000000
4657.000000
4489.000000
4368.000000
6661.000000
6529.000000
5980.000000
5810.000000
5641.000000
4100.000000
3715.000000
5359.000000
5712.000000
4764.000000
5115.000000
1986.000000
8130.000000
9458.000000
2507.000000
6625.000000
6557.000000
1637.000000
645.000000
6534.000000
4639.000000
5063.000000
5221.000000
4032.000000
4109.000000
4999.000000
7339.000000
-1.000000
3687.000000
3386.000000
16349.000000
3285.000000
4409.000000
6126.000000
6495.000000
992.000000
2363.000000
6424.000000
6497.000000
7625.000000
14002.000000
13556.000000
14911.000000
14837.000000
16177.000000
3949.000000
5192.000000
4810.000000
3409.000000
3644.000000
16189.000000
16993.000000
3349.000000
3321.000000
3260.000000
3329.000000
981.000000
1806.000000
1733.000000
1974.000000
2991.000000
3781.000000
3396.000000
3050.000000
3062.000000
2606.000000
2543.000000
6493.000000
2221.000000
8979.000000
1508.000000
5626.000000
7451.000000
2038.000000
3030.000000
5535.000000
3640.000000
4064.000000
4222.000000
1103.000000
1012.000000
1618.000000
6341.000000
3675.000000
-1.000000
2388.000000
15870.000000
2286.000000
3411.000000
5647.000000
6016.000000
4071.000000
4463.000000
5944.000000
6017.000000
7146.000000
13523.000000
13077.000000
14432.000000
14358.000000
15697.000000
321.000000
4193.000000
3811.000000
653.000000
716.000000
15710.000000
16514.000000
3630.000000
2322.000000
2261.000000
2330.000000
2985.000000
2853.000000
2304.000000
2134.000000
872.000000
4675.000000
4290.000000
2052.000000
625.000000
3698.000000
4643.000000
5494.000000
5602.000000
6591.000000
871.000000
3238.000000
5063.000000
1761.000000
2753.000000
3148.000000
1253.000000
1676.000000
1834.000000
2729.000000
2806.000000
3696.000000
3953.000000
3398.000000
2384.000000
-1.000000
13482.000000
1641.000000
1023.000000
3259.000000
3628.000000
3794.000000
2262.000000
3557.000000
3629.000000
4758.000000
11135.000000
10689.000000
12044.000000
11970.000000
13309.000000
2646.000000
1806.000000
1424.000000
2105.000000
2341.000000
13322.000000
14126.000000
1242.000000
704.000000
536.000000
415.000000
2708.000000
2576.000000
2027.000000
1857.000000
1688.000000
2287.000000
1902.000000
1406.000000
1759.000000
1310.000000
2180.000000
3106.000000
5325.000000
10129.000000
9806.000000
8844.000000
11597.000000
10696.000000
11688.000000
8753.000000
8728.000000
8617.000000
9310.000000
11664.000000
11741.000000
12631.000000
9558.000000
12010.000000
11319.000000
8935.000000
-1.000000
10576.000000
8282.000000
6031.000000
6361.000000
11320.000000
9918.000000
6289.000000
6362.000000
8297.000000
4554.000000
5653.000000
2231.000000
1512.000000
804.000000
11581.000000
8746.000000
8899.000000
11040.000000
11276.000000
668.000000
1097.000000
8337.000000
9640.000000
9471.000000
9351.000000
11643.000000
11511.000000
10962.000000
10792.000000
10623.000000
8821.000000
8436.000000
10341.000000
10694.000000
9486.000000
9836.000000
8712.000000
12851.000000
8232.000000
770.000000
4879.000000
6704.000000
1660.000000
2651.000000
4789.000000
2894.000000
3317.000000
3475.000000
2628.000000
2705.000000
3594.000000
5594.000000
3297.000000
2282.000000
1641.000000
15123.000000
-1.000000
2664.000000
4900.000000
5269.000000
3693.000000
4085.000000
5197.000000
5270.000000
6399.000000
12776.000000
12330.000000
13685.000000
13611.000000
14950.000000
2544.000000
3446.000000
3064.000000
2004.000000
2240.000000
14963.000000
15767.000000
2883.000000
1575.000000
1514.000000
1583.000000
2607.000000
2474.000000
1926.000000
1756.000000
1587.000000
3928.000000
3543.000000
518.000000
1657.000000
2951.000000
4265.000000
4747.000000
5224.000000
5882.000000
1894.000000
2585.000000
5371.000000
2784.000000
3776.000000
2495.000000
1135.000000
1023.000000
1716.000000
3752.000000
3829.000000
4719.000000
3300.000000
4421.000000
3407.000000
1023.000000
12773.000000
2664.000000
-1.000000
2550.000000
2919.000000
3499.000000
2570.000000
2848.000000
2920.000000
4049.000000
10426.000000
9980.000000
11335.000000
11261.000000
12601.000000
3669.000000
1153.000000
1305.000000
3128.000000
3364.000000
12613.000000
13417.000000
1550.000000
1728.000000
1559.000000
1438.000000
3731.000000
3599.000000
3050.000000
2880.000000
2711.000000
2595.000000
2210.000000
2429.000000
2782.000000
1618.000000
2488.000000
2453.000000
5031.000000
3636.000000
4138.000000
3176.000000
5929.000000
5028.000000
6020.000000
3085.000000
3060.000000
2949.000000
3642.000000
5996.000000
6073.000000
6963.000000
3890.000000
6342.000000
5651.000000
3267.000000
10527.000000
4908.000000
2614.000000
-1.000000
693.000000
5652.000000
4250.000000
621.000000
694.000000
1804.000000
8180.000000
7735.000000
9089.000000
9015.000000
10355.000000
5913.000000
3078.000000
3231.000000
5372.000000
5608.000000
10367.000000
11172.000000
2669.000000
3972.000000
3803.000000
3683.000000
5975.000000
5843.000000
5294.000000
5124.000000
4955.000000
3153.000000
2768.000000
4673.000000
5026.000000
3818.000000
4168.000000
3044.000000
7183.000000
4025.000000
4467.000000
3505.000000
6259.000000
5357.000000
6349.000000
3414.000000
3390.000000
3279.000000
3971.000000
6325.000000
6403.000000
7292.000000
4219.000000
6672.000000
5980.000000
3596.000000
10916.000000
5237.000000
2943.000000
693.000000
-1.000000
5982.000000
4580.000000
194.000000
1.000000
2192.000000
8569.000000
8123.000000
9478.000000
9404.000000
10743.000000
6242.000000
3408.000000
3560.000000
5702.000000
5938.000000
10756.000000
11560.000000
2998.000000
4301.000000
4133.000000
4012.000000
6304.000000
6172.000000
5624.000000
5453.000000
5285.000000
3483.000000
3097.000000
5002.000000
5355.000000
4147.000000
4498.000000
3373.000000
7513.000000
8768.000000
3097.000000
5721.000000
5867.000000
2227.000000
1235.000000
5630.000000
5229.000000
5653.000000
5811.000000
4622.000000
4699.000000
5589.000000
6436.000000
992.000000
4277.000000
3976.000000
15659.000000
3875.000000
3543.000000
5436.000000
5805.000000
-1.000000
1673.000000
5734.000000
5806.000000
6935.000000
13312.000000
12866.000000
14221.000000
14147.000000
15486.000000
4539.000000
5782.000000
5400.000000
3998.000000
4234.000000
15499.000000
16303.000000
2659.000000
3910.000000
3849.000000
3919.000000
1571.000000
2396.000000
2323.000000
2564.000000
3581.000000
3091.000000
2705.000000
3640.000000
3652.000000
1916.000000
1853.000000
5589.000000
2265.000000
7703.000000
3032.000000
4656.000000
5186.000000
3411.000000
2583.000000
4565.000000
3417.000000
3593.000000
3999.000000
4557.000000
4635.000000
5524.000000
5371.000000
2340.000000
4212.000000
2262.000000
14594.000000
3810.000000
2570.000000
4371.000000
4740.000000
1649.000000
-1.000000
4668.000000
4741.000000
5870.000000
12247.000000
11801.000000
13156.000000
13082.000000
14421.000000
4474.000000
3723.000000
3588.000000
3934.000000
4170.000000
14434.000000
15238.000000
1978.000000
2967.000000
2799.000000
2678.000000
2919.000000
3743.000000
3677.000000
3507.000000
3517.000000
2410.000000
2025.000000
3576.000000
3587.000000
895.000000
697.000000
4524.000000
3180.000000
3953.000000
4396.000000
3433.000000
6187.000000
5286.000000
6278.000000
3343.000000
3318.000000
3207.000000
3900.000000
6254.000000
6331.000000
7221.000000
4148.000000
6600.000000
5909.000000
3525.000000
10844.000000
5166.000000
2872.000000
621.000000
194.000000
5910.000000
4508.000000
-1.000000
196.000000
2121.000000
8497.000000
8052.000000
9406.000000
9332.000000
10672.000000
6171.000000
3336.000000
3489.000000
5630.000000
5866.000000
10684.000000
11489.000000
2927.000000
4229.000000
4061.000000
3940.000000
6233.000000
6101.000000
5552.000000
5382.000000
5213.000000
3411.000000
3026.000000
4931.000000
5284.000000
4075.000000
4426.000000
3301.000000
7441.000000
4026.000000
4469.000000
3506.000000
6260.000000
5359.000000
6351.000000
3416.000000
3391.000000
3280.000000
3973.000000
6327.000000
6404.000000
7294.000000
4221.000000
6673.000000
5981.000000
3598.000000
10917.000000
5239.000000
2945.000000
694.000000
1.000000
5983.000000
4581.000000
196.000000
-1.000000
2193.000000
8570.000000
8124.000000
9479.000000
9405.000000
10745.000000
6244.000000
3409.000000
3562.000000
5703.000000
5939.000000
10757.000000
11561.000000
3000.000000
4302.000000
4134.000000
4013.000000
6306.000000
6173.000000
5625.000000
5455.000000
5286.000000
3484.000000
3099.000000
5004.000000
5357.000000
4148.000000
4499.000000
3374.000000
7514.000000
2875.000000
12213.000000
11251.000000
14004.000000
13103.000000
14095.000000
11160.000000
11135.000000
11024.000000
11717.000000
14071.000000
14148.000000
15038.000000
11965.000000
14417.000000
13726.000000
11342.000000
9767.000000
12983.000000
10689.000000
8438.000000
8768.000000
13727.000000
12325.000000
8696.000000
8769.000000
-1.000000
7420.000000
6974.000000
8328.000000
8254.000000
9594.000000
13988.000000
11153.000000
11306.000000
13447.000000
13683.000000
9607.000000
10411.000000
10744.000000
12047.000000
11878.000000
11758.000000
14050.000000
13918.000000
13369.000000
13199.000000
13030.000000
11228.000000
10843.000000
12748.000000
13101.000000
11893.000000
12243.000000
11119.000000
15258.000000
7782.000000
7459.000000
6497.000000
9250.000000
8349.000000
9341.000000
6406.000000
6381.000000
6270.000000
6963.000000
9317.000000
9394.000000
10284.000000
7211.000000
9664.000000
8972.000000
6588.000000
4554.000000
8229.000000
5935.000000
3685.000000
4014.000000
8973.000000
7571.000000
3943.000000
4015.000000
5950.000000
-1.000000
1099.000000
3116.000000
3042.000000
4382.000000
9234.000000
6400.000000
6552.000000
8694.000000
8930.000000
4394.000000
5198.000000
5990.000000
7293.000000
7124.000000
7004.000000
9296.000000
9164.000000
8615.000000
8445.000000
8277.000000
6474.000000
6089.000000
7994.000000
8347.000000
7139.000000
7489.000000
6365.000000
10504.000000
8881.000000
8558.000000
7595.000000
10349.000000
9448.000000
10440.000000
7505.000000
7480.000000
7369.000000
8062.000000
10416.000000
10493.000000
11383.000000
8310.000000
10762.000000
10070.000000
7687.000000
5653.000000
9328.000000
7034.000000
4783.000000
5113.000000
10072.000000
8670.000000
5041.000000
5114.000000
7049.000000
1099.000000
-1.000000
4215.000000
4141.000000
5480.000000
10333.000000
7498.000000
7651.000000
9792.000000
10028.000000
5493.000000
6297.000000
7089.000000
8391.000000
8223.000000
8102.000000
10395.000000
10262.000000
9714.000000
9544.000000
9375.000000
7573.000000
7188.000000
9093.000000
9446.000000
8237.000000
8588.000000
7463.000000
11603.000000
8691.000000
8368.000000
7405.000000
10159.000000
9258.000000
10250.000000
7315.000000
7290.000000
7179.000000
7872.000000
10226.000000
10303.000000
11193.000000
8120.000000
10572.000000
9881.000000
7497.000000
2231.000000
9138.000000
6844.000000
4593.000000
4923.000000
9882.000000
8480.000000
4851.000000
4924.000000
6859.000000
3116.000000
4215.000000
-1.000000
719.000000
2059.000000
10143.000000
7308.000000
7461.000000
9602.000000
9838.000000
2071.000000
2876.000000
6899.000000
8201.000000
8033.000000
7912.000000
10205.000000
10073.000000
9524.000000
9354.000000
9185.000000
7383.000000
6998.000000
8903.000000
9256.000000
8047.000000
8398.000000
7273.000000
11413.000000
8617.000000
8294.000000
7331.000000
10085.000000
9184.000000
10176.000000
7241.000000
7216.000000
7105.000000
7798.000000
10152.000000
10229.000000
11119.000000
8046.000000
10498.000000
9807.000000
7423.000000
1512.000000
9064.000000
6770.000000
4519.000000
4849.000000
9808.000000
8406.000000
4777.000000
4850.000000
6785.000000
3042.000000
4141.000000
719.000000
-1.000000
1340.000000
10069.000000
7234.000000
7387.000000
9528.000000
9764.000000
1352.000000
2156.000000
6825.000000
8127.000000
7959.000000
7838.000000
10131.000000
9999.000000
9450.000000
9280.000000
9111.000000
7309.000000
6924.000000
8829.000000
9182.000000
7973.000000
8324.000000
7199.000000
11339.000000
9957.000000
9634.000000
8671.000000
11425.000000
10524.000000
11515.000000
8580.000000
8556.000000
8445.000000
9137.000000
11492.000000
11569.000000
12458.000000
9386.000000
11838.000000
11146.000000
8763.000000
804.000000
10403.000000
8110.000000
5859.000000
6188.000000
11148.000000
9746.000000
6117.000000
6190.000000
8124.000000
4382.000000
5480.000000
2059.000000
1340.000000
-1.000000
11408.000000
8574.000000
8727.000000
10868.000000
11104.000000
231.000000
1448.000000
8164.000000
9467.000000
9299.000000
9178.000000
11470.000000
11338.000000
10790.000000
10619.000000
10451.000000
8649.000000
8263.000000
10169.000000
10521.000000
9313.000000
9664.000000
8539.000000
12679.000000
9241.000000
1770.000000
5888.000000
7713.000000
2300.000000
3292.000000
5798.000000
3903.000000
4326.000000
4484.000000
1365.000000
1112.000000
1619.000000
6603.000000
3937.000000
321.000000
2650.000000
16132.000000
2549.000000
3673.000000
5909.000000
6278.000000
4333.000000
4725.000000
6206.000000
6279.000000
7408.000000
13785.000000
13339.000000
14694.000000
14620.000000
15959.000000
-1.000000
4455.000000
4073.000000
915.000000
978.000000
15972.000000
16776.000000
3892.000000
2584.000000
2523.000000
2592.000000
3247.000000
3115.000000
2567.000000
2396.000000
1134.000000
4937.000000
4552.000000
2314.000000
887.000000
3960.000000
4905.000000
5756.000000
5864.000000
6402.000000
2677.000000
3050.000000
6064.000000
3567.000000
4558.000000
2959.000000
1599.000000
544.000000
2180.000000
4535.000000
4612.000000
5501.000000
3764.000000
5204.000000
4189.000000
1806.000000
13293.000000
3446.000000
1153.000000
3070.000000
3439.000000
5600.000000
3970.000000
3368.000000
3441.000000
4570.000000
10946.000000
10501.000000
11855.000000
11781.000000
13121.000000
4451.000000
-1.000000
1770.000000
3911.000000
4147.000000
13133.000000
13938.000000
2804.000000
2510.000000
2342.000000
2221.000000
4513.000000
4381.000000
3833.000000
3662.000000
3494.000000
3288.000000
2903.000000
3212.000000
3564.000000
3018.000000
3888.000000
2918.000000
7131.000000
6555.000000
2295.000000
3202.000000
6217.000000
3185.000000
4176.000000
3112.000000
171.000000
552.000000
647.000000
4153.000000
4230.000000
5119.000000
3917.000000
4822.000000
3807.000000
1424.000000
13446.000000
3064.000000
1305.000000
3223.000000
3592.000000
5218.000000
3588.000000
3521.000000
3594.000000
4722.000000
11099.000000
10653.000000
12008.000000
11934.000000
13274.000000
4069.000000
1770.000000
-1.000000
3529.000000
3765.000000
13286.000000
14090.000000
2956.000000
2128.000000
1960.000000
1839.000000
4132.000000
3999.000000
3451.000000
3280.000000
3112.000000
3441.000000
3056.000000
2830.000000
3182.000000
2636.000000
3506.000000
3070.000000
6749.000000
8700.000000
1230.000000
5348.000000
7173.000000
1760.000000
2752.000000
5257.000000
3362.000000
3786.000000
3944.000000
998.000000
1075.000000
1965.000000
6062.000000
3397.000000
653.000000
2109.000000
15591.000000
2008.000000
3133.000000
5369.000000
5737.000000
3793.000000
4185.000000
5666.000000
5739.000000
6868.000000
13245.000000
12799.000000
14153.000000
14079.000000
15419.000000
915.000000
3915.000000
3533.000000
-1.000000
610.000000
15431.000000
16236.000000
3352.000000
2044.000000
1983.000000
2052.000000
2707.000000
2575.000000
2026.000000
1856.000000
594.000000
4397.000000
4011.000000
1773.000000
347.000000
3420.000000
4365.000000
5216.000000
5324.000000
8936.000000
1466.000000
5584.000000
7409.000000
1996.000000
2988.000000
5493.000000
3598.000000
4022.000000
4180.000000
388.000000
1138.000000
2028.000000
6298.000000
3633.000000
716.000000
2345.000000
15827.000000
2244.000000
3368.000000
5605.000000
5973.000000
4029.000000
4421.000000
5902.000000
5975.000000
7104.000000
13481.000000
13035.000000
14389.000000
14315.000000
15655.000000
978.000000
4151.000000
3769.000000
610.000000
-1.000000
15667.000000
16472.000000
3588.000000
2280.000000
2219.000000
2288.000000
2943.000000
2811.000000
2262.000000
2092.000000
830.000000
4633.000000
4247.000000
2009.000000
583.000000
3656.000000
4601.000000
5452.000000
5560.000000
9969.000000
9646.000000
8683.000000
11437.000000
10536.000000
11528.000000
8593.000000
8568.000000
8457.000000
9150.000000
11504.000000
11581.000000
12471.000000
9398.000000
11850.000000
11159.000000
8775.000000
668.000000
10416.000000
8122.000000
5871.000000
6201.000000
11160.000000
9758.000000
6129.000000
6202.000000
8137.000000
4394.000000
5493.000000
2071.000000
1352.000000
231.000000
11421.000000
8586.000000
8739.000000
10880.000000
11116.000000
-1.000000
1312.000000
8177.000000
9480.000000
9311.000000
9190.000000
11483.000000
11351.000000
10802.000000
10632.000000
10463.000000
8661.000000
8276.000000
10181.000000
10534.000000
9326.000000
9676.000000
8551.000000
12691.000000
10774.000000
10450.000000
9488.000000
12242.000000
11340.000000
12332.000000
9397.000000
9373.000000
9261.000000
9954.000000
12308.000000
12386.000000
13275.000000
10202.000000
12655.000000
11963.000000
9579.000000
1097.000000
11220.000000
8926.000000
6676.000000
7005.000000
11964.000000
10563.000000
6934.000000
7007.000000
8941.000000
5198.000000
6297.000000
2876.000000
2156.000000
1448.000000
12225.000000
9391.000000
9543.000000
11685.000000
11921.000000
1312.000000
-1.000000
8981.000000
10284.000000
10116.000000
9995.000000
12287.000000
12155.000000
11607.000000
11436.000000
11268.000000
9466.000000
9080.000000
10985.000000
11338.000000
10130.000000
10481.000000
9356.000000
13496.000000
6011.000000
2113.000000
2964.000000
3494.000000
3003.000000
3551.000000
2873.000000
2397.000000
2738.000000
2979.000000
3971.000000
4049.000000
4938.000000
3679.000000
3308.000000
3626.000000
1242.000000
12902.000000
2883.000000
1550.000000
2679.000000
3048.000000
2617.000000
1815.000000
2977.000000
3049.000000
4178.000000
10555.000000
10109.000000
11464.000000
11390.000000
12729.000000
3888.000000
2867.000000
2568.000000
3348.000000
3584.000000
12742.000000
13546.000000
-1.000000
1947.000000
1779.000000
1658.000000
3887.000000
3818.000000
3270.000000
3099.000000
2931.000000
718.000000
333.000000
2648.000000
3001.000000
1382.000000
1733.000000
2832.000000
4148.000000
7300.000000
805.000000
3948.000000
5772.000000
1695.000000
2687.000000
3857.000000
1962.000000
2386.000000
2544.000000
2663.000000
2740.000000
3630.000000
4662.000000
3332.000000
2318.000000
709.000000
14191.000000
1575.000000
1732.000000
3968.000000
4337.000000
3728.000000
2971.000000
4266.000000
4339.000000
5467.000000
11844.000000
11398.000000
12753.000000
12679.000000
14019.000000
2580.000000
2515.000000
2133.000000
2040.000000
2276.000000
14031.000000
14835.000000
1951.000000
-1.000000
333.000000
408.000000
2642.000000
2510.000000
1961.000000
1791.000000
1623.000000
2996.000000
2611.000000
1340.000000
1693.000000
2019.000000
2889.000000
3816.000000
5259.000000
7127.000000
744.000000
3775.000000
5600.000000
1634.000000
2626.000000
3684.000000
1789.000000
2213.000000
2371.000000
2602.000000
2679.000000
3569.000000
4489.000000
3271.000000
2257.000000
536.000000
14018.000000
1514.000000
1559.000000
3795.000000
4164.000000
3667.000000
2799.000000
4093.000000
4166.000000
5295.000000
11671.000000
11226.000000
12580.000000
12506.000000
13846.000000
2519.000000
2342.000000
1960.000000
1979.000000
2215.000000
13858.000000
14662.000000
1779.000000
333.000000
-1.000000
239.000000
2581.000000
2449.000000
1900.000000
1730.000000
1562.000000
2824.000000
2438.000000
1279.000000
1632.000000
1846.000000
2716.000000
3643.000000
5198.000000
7006.000000
814.000000
3654.000000
5479.000000
1703.000000
2695.000000
3563.000000
1668.000000
2092.000000
2250.000000
2671.000000
2749.000000
3638.000000
4368.000000
3340.000000
2326.000000
415.000000
13897.000000
1583.000000
1438.000000
3675.000000
4043.000000
3736.000000
2678.000000
3972.000000
4045.000000
5174.000000
11551.000000
11105.000000
12459.000000
12385.000000
13725.000000
2588.000000
2221.000000
1839.000000
2048.000000
2284.000000
13737.000000
14542.000000
1658.000000
408.000000
239.000000
-1.000000
2650.000000
2518.000000
1970.000000
1799.000000
1631.000000
2703.000000
2317.000000
1348.000000
1701.000000
1726.000000
2596.000000
3522.000000
5267.000000
9287.000000
1817.000000
5935.000000
7136.000000
1250.000000
584.000000
5844.000000
3949.000000
4373.000000
4531.000000
3342.000000
3419.000000
4309.000000
6649.000000
880.000000
2997.000000
2696.000000
16178.000000
2595.000000
3719.000000
5955.000000
6324.000000
1571.000000
2943.000000
6253.000000
6326.000000
7455.000000
13831.000000
13386.000000
14740.000000
14666.000000
16006.000000
3259.000000
4502.000000
4120.000000
2718.000000
2954.000000
16018.000000
16823.000000
3939.000000
2630.000000
2569.000000
2639.000000
-1.000000
1344.000000
1278.000000
1121.000000
2301.000000
4360.000000
3975.000000
2360.000000
2372.000000
3185.000000
3123.000000
5803.000000
2800.000000
9155.000000
1685.000000
5802.000000
8834.000000
1592.000000
2049.000000
5712.000000
3817.000000
4240.000000
4398.000000
3210.000000
3287.000000
4176.000000
6517.000000
1806.000000
2864.000000
2564.000000
16046.000000
2463.000000
3587.000000
5823.000000
6192.000000
2396.000000
4160.000000
6121.000000
6193.000000
7322.000000
13699.000000
13253.000000
14608.000000
14534.000000
15873.000000
3126.000000
4370.000000
3988.000000
2586.000000
2822.000000
15886.000000
16690.000000
3806.000000
2498.000000
2437.000000
2506.000000
1348.000000
-1.000000
609.000000
1133.000000
2169.000000
6058.000000
5672.000000
2228.000000
2239.000000
3874.000000
4340.000000
5670.000000
3625.000000
8606.000000
1136.000000
5254.000000
8285.000000
1044.000000
2035.000000
5163.000000
3268.000000
3692.000000
3850.000000
2661.000000
2739.000000
3628.000000
5969.000000
1733.000000
2316.000000
2016.000000
15498.000000
1914.000000
3039.000000
5275.000000
5644.000000
2323.000000
3612.000000
5572.000000
5645.000000
6774.000000
13151.000000
12705.000000
14059.000000
13986.000000
15325.000000
2578.000000
3821.000000
3439.000000
2038.000000
2274.000000
15338.000000
16142.000000
3258.000000
1950.000000
1889.000000
1958.000000
1278.000000
608.000000
-1.000000
849.000000
1621.000000
5509.000000
5124.000000
1680.000000
1691.000000
3326.000000
3792.000000
5122.000000
3552.000000
8436.000000
966.000000
5084.000000
8115.000000
873.000000
1865.000000
4993.000000
3098.000000
3522.000000
3680.000000
2491.000000
2568.000000
3458.000000
5798.000000
1974.000000
2145.000000
1845.000000
15327.000000
1744.000000
2868.000000
5104.000000
5473.000000
2564.000000
3441.000000
5402.000000
5475.000000
6603.000000
12980.000000
12535.000000
13889.000000
13815.000000
15155.000000
2408.000000
3651.000000
3269.000000
1867.000000
2103.000000
15167.000000
15971.000000
3088.000000
1779.000000
1718.000000
1788.000000
1121.000000
1133.000000
849.000000
-1.000000
1450.000000
5339.000000
4954.000000
1509.000000
1521.000000
3155.000000
3621.000000
4952.000000
3793.000000
8283.000000
813.000000
4931.000000
6756.000000
1343.000000
2335.000000
4840.000000
2945.000000
3369.000000
3527.000000
1218.000000
1295.000000
2184.000000
5645.000000
2980.000000
872.000000
1692.000000
15174.000000
1591.000000
2715.000000
4951.000000
5320.000000
3376.000000
3768.000000
5249.000000
5322.000000
6451.000000
12827.000000
12382.000000
13736.000000
13662.000000
15002.000000
1134.000000
3498.000000
3116.000000
594.000000
830.000000
15014.000000
15819.000000
2935.000000
1627.000000
1566.000000
1635.000000
2290.000000
2157.000000
1609.000000
1439.000000
-1.000000
3980.000000
3594.000000
1356.000000
247.000000
3003.000000
3948.000000
4799.000000
4907.000000
6437.000000
3154.000000
3390.000000
2776.000000
4044.000000
4030.000000
3299.000000
3275.000000
3164.000000
3856.000000
5012.000000
5089.000000
5978.000000
4105.000000
3787.000000
4666.000000
2283.000000
13328.000000
3924.000000
2591.000000
3105.000000
3474.000000
3096.000000
2294.000000
3403.000000
3475.000000
4604.000000
10981.000000
10535.000000
11890.000000
11816.000000
13156.000000
4928.000000
3293.000000
3446.000000
4388.000000
4624.000000
13168.000000
13972.000000
713.000000
2987.000000
2819.000000
2698.000000
4366.000000
4858.000000
4310.000000
4140.000000
3971.000000
-1.000000
599.000000
3689.000000
4041.000000
1861.000000
2212.000000
3258.000000
4627.000000
6416.000000
2862.000000
3369.000000
3397.000000
5442.000000
3806.000000
3279.000000
3254.000000
3143.000000
3836.000000
4720.000000
4797.000000
5686.000000
4084.000000
3563.000000
4374.000000
1991.000000
13307.000000
3631.000000
2808.000000
3084.000000
3453.000000
2873.000000
2113.000000
3382.000000
3455.000000
4584.000000
10960.000000
10515.000000
11869.000000
11795.000000
13135.000000
4636.000000
3272.000000
3425.000000
4096.000000
4332.000000
13147.000000
13952.000000
692.000000
2695.000000
2527.000000
2406.000000
4142.000000
6257.000000
5708.000000
5538.000000
3679.000000
621.000000
-1.000000
3397.000000
3749.000000
1638.000000
2031.000000
3237.000000
4404.000000
7997.000000
535.000000
4644.000000
6469.000000
1425.000000
2417.000000
4554.000000
2659.000000
3082.000000
3240.000000
2393.000000
2470.000000
3360.000000
5359.000000
3062.000000
2047.000000
1406.000000
14888.000000
518.000000
2429.000000
4665.000000
5034.000000
3458.000000
3850.000000
4963.000000
5035.000000
6164.000000
12541.000000
12095.000000
13450.000000
13376.000000
14715.000000
2310.000000
3212.000000
2830.000000
1769.000000
2005.000000
14728.000000
15532.000000
2648.000000
1340.000000
1279.000000
1348.000000
2372.000000
2239.000000
1691.000000
1521.000000
1352.000000
3693.000000
3308.000000
-1.000000
1423.000000
2716.000000
4030.000000
4512.000000
4989.000000
8354.000000
883.000000
5001.000000
6826.000000
1413.000000
2405.000000
4910.000000
3015.000000
3439.000000
3597.000000
970.000000
1048.000000
1937.000000
5716.000000
3050.000000
625.000000
1763.000000
15245.000000
1661.000000
2786.000000
5022.000000
5391.000000
3446.000000
3838.000000
5319.000000
5392.000000
6521.000000
12898.000000
12452.000000
13807.000000
13733.000000
15072.000000
887.000000
3568.000000
3186.000000
347.000000
583.000000
15085.000000
15889.000000
3005.000000
1697.000000
1636.000000
1705.000000
2360.000000
2228.000000
1679.000000
1509.000000
247.000000
4050.000000
3665.000000
1427.000000
-1.000000
3073.000000
4018.000000
4869.000000
4977.000000
6944.000000
2181.000000
3897.000000
4427.000000
3071.000000
2826.000000
3807.000000
2465.000000
2641.000000
3047.000000
4039.000000
4116.000000
5006.000000
4612.000000
2582.000000
3694.000000
1310.000000
13835.000000
2951.000000
1618.000000
3612.000000
3981.000000
1892.000000
895.000000
3910.000000
3983.000000
5112.000000
11488.000000
11043.000000
12397.000000
12323.000000
13663.000000
3956.000000
2771.000000
2636.000000
3416.000000
3652.000000
13675.000000
14479.000000
1235.000000
2015.000000
1846.000000
1726.000000
3161.000000
3886.000000
3337.000000
3167.000000
2999.000000
1651.000000
1266.000000
2716.000000
3069.000000
-1.000000
813.000000
3765.000000
3423.000000
7621.000000
3212.000000
4574.000000
5104.000000
3591.000000
2763.000000
4483.000000
3335.000000
3511.000000
3917.000000
4738.000000
4815.000000
5704.000000
5288.000000
2520.000000
4392.000000
2180.000000
14512.000000
3991.000000
2488.000000
4289.000000
4658.000000
1829.000000
697.000000
4586.000000
4659.000000
5788.000000
12165.000000
11719.000000
13074.000000
13000.000000
14339.000000
4654.000000
3641.000000
3506.000000
4114.000000
4350.000000
14352.000000
15156.000000
1896.000000
2885.000000
2716.000000
2596.000000
3099.000000
3924.000000
3857.000000
3687.000000
3697.000000
2328.000000
1943.000000
3756.000000
3767.000000
813.000000
-1.000000
4442.000000
3360.000000
6367.000000
3977.000000
1271.000000
6029.000000
4867.000000
5859.000000
739.000000
2900.000000
2789.000000
3481.000000
5835.000000
5913.000000
6802.000000
1986.000000
6504.000000
5490.000000
3106.000000
13258.000000
4747.000000
2453.000000
3036.000000
3404.000000
5752.000000
4350.000000
3333.000000
3406.000000
4535.000000
10912.000000
10466.000000
11820.000000
11746.000000
13086.000000
5752.000000
2918.000000
3070.000000
5212.000000
5448.000000
13098.000000
13903.000000
2769.000000
3811.000000
3643.000000
3522.000000
5814.000000
5682.000000
5134.000000
4963.000000
4795.000000
3253.000000
2868.000000
4512.000000
4865.000000
3918.000000
4268.000000
-1.000000
7283.000000
10299.000000
4266.000000
7252.000000
7398.000000
3456.000000
2464.000000
7161.000000
6398.000000
6821.000000
6979.000000
5791.000000
5868.000000
6757.000000
7967.000000
2221.000000
5445.000000
5145.000000
17190.000000
5044.000000
5074.000000
6967.000000
7336.000000
2265.000000
3204.000000
7265.000000
7337.000000
8466.000000
14843.000000
14397.000000
15752.000000
15678.000000
17017.000000
5707.000000
6951.000000
6569.000000
5167.000000
5403.000000
17030.000000
17834.000000
4190.000000
5079.000000
5018.000000
5088.000000
2800.000000
3625.000000
3552.000000
3793.000000
4750.000000
4622.000000
4236.000000
4809.000000
4820.000000
3447.000000
3384.000000
7120.000000
-1.000000
