-1.000000
116125.000000
3691.000000
14562.000000
13368.000000
15226.000000
4496.000000
41711.000000
73951.000000
70469.000000
65738.000000
70962.000000
79319.000000
81277.000000
83399.000000
148333.000000
144110.000000
9.000000
6346.000000
115492.000000
47502.000000
7460.000000
8074.000000
744.000000
1656.000000
7624.000000
116091.000000
-1.000000
113440.000000
120645.000000
116135.000000
117993.000000
117220.000000
110927.000000
65811.000000
86048.000000
81316.000000
86541.000000
94898.000000
96856.000000
98978.000000
110167.000000
105945.000000
0.000000
111555.000000
229430.000000
161441.000000
112844.000000
114359.000000
116164.000000
116586.000000
113707.000000
3135.000000
113452.000000
-1.000000
11045.000000
10695.000000
12553.000000
4265.000000
39038.000000
71278.000000
67796.000000
63064.000000
68289.000000
76646.000000
78604.000000
80726.000000
145659.000000
141437.000000
0.000000
3695.000000
117747.000000
49758.000000
7404.000000
4557.000000
3209.000000
4146.000000
4107.000000
13946.000000
120682.000000
11043.000000
-1.000000
15039.000000
13852.000000
15096.000000
46268.000000
78508.000000
75025.000000
70294.000000
75519.000000
83876.000000
85834.000000
87956.000000
152889.000000
148667.000000
9.000000
9143.000000
127634.000000
59645.000000
13056.000000
8061.000000
14040.000000
14202.000000
7409.000000
13077.000000
116119.000000
10426.000000
15039.000000
-1.000000
3284.000000
14207.000000
41705.000000
73945.000000
70463.000000
65731.000000
70956.000000
79313.000000
81271.000000
83393.000000
148326.000000
144104.000000
9.000000
6659.000000
126417.000000
58428.000000
7398.000000
9463.000000
13150.000000
12076.000000
8811.000000
14935.000000
117977.000000
12284.000000
13852.000000
3284.000000
-1.000000
16065.000000
43563.000000
75803.000000
72321.000000
67589.000000
72814.000000
81171.000000
83129.000000
85251.000000
150184.000000
145962.000000
0.000000
8517.000000
128275.000000
60286.000000
9256.000000
11215.000000
15008.000000
13934.000000
10563.000000
4657.000000
116755.000000
4321.000000
15191.000000
13998.000000
15856.000000
-1.000000
42341.000000
74581.000000
71099.000000
66367.000000
71592.000000
79949.000000
81907.000000
84029.000000
148962.000000
144740.000000
0.000000
8240.000000
114910.000000
46921.000000
10707.000000
8703.000000
3976.000000
5966.000000
8254.000000
40900.000000
110919.000000
38249.000000
45455.000000
40944.000000
42802.000000
42030.000000
-1.000000
68745.000000
65263.000000
60532.000000
65756.000000
74114.000000
76072.000000
78194.000000
143127.000000
138905.000000
0.000000
36365.000000
154240.000000
86251.000000
37654.000000
39168.000000
40973.000000
41395.000000
38517.000000
73267.000000
65548.000000
70616.000000
77821.000000
73311.000000
75169.000000
74396.000000
68103.000000
-1.000000
43224.000000
38492.000000
43717.000000
52074.000000
54032.000000
56154.000000
97755.000000
93533.000000
0.000000
68731.000000
186606.000000
118617.000000
70020.000000
71535.000000
73340.000000
73762.000000
70883.000000
70241.000000
84922.000000
67590.000000
74795.000000
70285.000000
72143.000000
71371.000000
65077.000000
42748.000000
-1.000000
16702.000000
21711.000000
30069.000000
32027.000000
34149.000000
117129.000000
112907.000000
0.000000
65705.000000
183581.000000
115592.000000
66994.000000
68509.000000
70314.000000
70736.000000
67858.000000
65420.000000
80101.000000
62769.000000
69974.000000
65464.000000
67322.000000
66549.000000
60256.000000
37927.000000
16688.000000
-1.000000
5603.000000
13961.000000
15919.000000
18041.000000
112308.000000
108086.000000
0.000000
60884.000000
178759.000000
110770.000000
62173.000000
63688.000000
65493.000000
65915.000000
63036.000000
70731.000000
85412.000000
68080.000000
75285.000000
70775.000000
72633.000000
71860.000000
65567.000000
43238.000000
21759.000000
5597.000000
-1.000000
8620.000000
10413.000000
12535.000000
117619.000000
113397.000000
9.000000
66195.000000
184070.000000
116081.000000
67484.000000
68999.000000
70804.000000
71226.000000
68347.000000
79371.000000
94053.000000
76720.000000
83926.000000
79416.000000
81274.000000
80501.000000
74208.000000
51879.000000
30400.000000
14237.000000
8904.000000
-1.000000
13624.000000
15745.000000
126260.000000
122038.000000
9.000000
74836.000000
192711.000000
124722.000000
76125.000000
77640.000000
79445.000000
79867.000000
76988.000000
81046.000000
95727.000000
78395.000000
85601.000000
81090.000000
82948.000000
82176.000000
75882.000000
53553.000000
32075.000000
15912.000000
10413.000000
13293.000000
-1.000000
1998.000000
127934.000000
123712.000000
0.000000
76510.000000
194386.000000
126397.000000
77800.000000
79314.000000
81119.000000
81541.000000
78663.000000
83168.000000
97849.000000
80517.000000
87722.000000
83212.000000
85070.000000
84298.000000
78004.000000
55675.000000
34197.000000
18034.000000
12535.000000
15415.000000
1998.000000
-1.000000
130056.000000
125834.000000
0.000000
78632.000000
196508.000000
128519.000000
79921.000000
81436.000000
83241.000000
83663.000000
80785.000000
147839.000000
110117.000000
145188.000000
152394.000000
147883.000000
149741.000000
148969.000000
142675.000000
97559.000000
117796.000000
113065.000000
118289.000000
126647.000000
128605.000000
130727.000000
-1.000000
38222.000000
9.000000
143304.000000
261179.000000
193190.000000
144593.000000
146107.000000
147912.000000
148334.000000
145456.000000
143635.000000
105913.000000
140984.000000
148190.000000
143679.000000
145537.000000
144765.000000
138471.000000
93355.000000
113592.000000
108861.000000
114085.000000
122443.000000
124401.000000
126523.000000
38315.000000
-1.000000
0.000000
139099.000000
256975.000000
188986.000000
140389.000000
141903.000000
143708.000000
144130.000000
141252.000000
0.000000
0.000000
0.000000
0.000000
9.000000
0.000000
0.000000
0.000000
9.000000
9.000000
0.000000
0.000000
0.000000
9.000000
0.000000
9.000000
0.000000
-1.000000
0.000000
0.000000
9.000000
0.000000
0.000000
0.000000
0.000000
0.000000
6078.000000
111539.000000
3740.000000
9090.000000
6659.000000
8517.000000
7793.000000
37125.000000
69365.000000
65883.000000
61151.000000
66376.000000
74733.000000
76691.000000
78813.000000
143746.000000
139524.000000
9.000000
-1.000000
121837.000000
53848.000000
3913.000000
2804.000000
6737.000000
6334.000000
2152.000000
113980.000000
223171.000000
111845.000000
122218.000000
120414.000000
122272.000000
108239.000000
148757.000000
180997.000000
177515.000000
172783.000000
178008.000000
186365.000000
188323.000000
190445.000000
255378.000000
251156.000000
9.000000
115834.000000
-1.000000
70673.000000
117123.000000
115730.000000
114054.000000
114476.000000
115281.000000
55920.000000
165110.000000
53784.000000
64158.000000
62353.000000
64211.000000
50178.000000
90696.000000
122936.000000
119454.000000
114722.000000
119947.000000
128304.000000
130262.000000
132384.000000
197317.000000
193095.000000
0.000000
57773.000000
76369.000000
-1.000000
59062.000000
57670.000000
55993.000000
56415.000000
57220.000000
7213.000000
106580.000000
7135.000000
13003.000000
7398.000000
9256.000000
10916.000000
32165.000000
64406.000000
60923.000000
56192.000000
61416.000000
69774.000000
71732.000000
73854.000000
138787.000000
134565.000000
9.000000
3913.000000
123126.000000
55137.000000
-1.000000
6717.000000
9860.000000
6878.000000
6066.000000
7460.000000
114507.000000
4537.000000
8061.000000
9627.000000
11215.000000
8590.000000
40093.000000
72333.000000
68851.000000
64120.000000
69344.000000
77702.000000
79660.000000
81782.000000
146715.000000
142493.000000
0.000000
2968.000000
121128.000000
53139.000000
6882.000000
-1.000000
7534.000000
8028.000000
864.000000
868.000000
115667.000000
3233.000000
14103.000000
12910.000000
14768.000000
4038.000000
41253.000000
73493.000000
70011.000000
65279.000000
70504.000000
78861.000000
80819.000000
82941.000000
147874.000000
143652.000000
9.000000
7152.000000
115033.000000
47044.000000
9619.000000
7615.000000
-1.000000
2061.000000
7166.000000
980.000000
115581.000000
3748.000000
13793.000000
11804.000000
13662.000000
5600.000000
41167.000000
73408.000000
69925.000000
65194.000000
70418.000000
78776.000000
80734.000000
82856.000000
147789.000000
143567.000000
0.000000
5926.000000
120399.000000
52410.000000
6498.000000
7530.000000
1724.000000
-1.000000
6855.000000
7008.000000
113744.000000
4199.000000
7409.000000
8864.000000
10563.000000
8252.000000
39330.000000
71570.000000
68088.000000
63356.000000
68581.000000
76938.000000
78896.000000
81018.000000
145951.000000
141729.000000
9.000000
2205.000000
120790.000000
52801.000000
6118.000000
781.000000
7195.000000
7264.000000
-1.000000
