-1.000000
2757399.000000
766321.000000
3813203.000000
2301105.000000
1829925.000000
1434579.000000
328895.000000
259099.000000
3549985.000000
1053698.000000
921183.000000
1495366.000000
1447189.000000
790393.000000
588364.000000
2241474.000000
1337270.000000
1998464.000000
1319477.000000
1860488.000000
405700.000000
1161793.000000
3368227.000000
1656986.000000
3698474.000000
2071412.000000
1555846.000000
2069798.000000
1870415.000000
947139.000000
2708058.000000
1062519.000000
1292852.000000
4311854.000000
1406726.000000
1935348.000000
591435.000000
2284429.000000
454923.000000
1284410.000000
3070325.000000
2149544.000000
1110571.000000
4365396.000000
1050800.000000
2364501.000000
1454804.000000
2758208.000000
-1.000000
2085623.000000
1216829.000000
1387312.000000
4078341.000000
3792454.000000
3032996.000000
2973568.000000
1490957.000000
2498200.000000
2739330.000000
2251875.000000
1846871.000000
2851657.000000
2329344.000000
4514370.000000
3695145.000000
4273284.000000
3125669.000000
2646760.000000
2364730.000000
2216624.000000
1822658.000000
2005884.000000
1176019.000000
4230936.000000
3801002.000000
768150.000000
3989292.000000
3503469.000000
2604037.000000
3013567.000000
1542654.000000
2073746.000000
3606975.000000
4177076.000000
3316539.000000
2155439.000000
2631177.000000
1620633.000000
1059288.000000
4207222.000000
3617698.000000
2214360.000000
3159685.000000
1478974.000000
2727975.000000
751990.000000
2087243.000000
-1.000000
3147174.000000
1555930.000000
2185756.000000
1795579.000000
1086105.000000
841000.000000
2854605.000000
722295.000000
951167.000000
986381.000000
776565.000000
898559.000000
558466.000000
2597305.000000
1698270.000000
2354525.000000
1351082.000000
1381265.000000
412604.000000
554249.000000
2702894.000000
991654.000000
3032446.000000
2427243.000000
1921612.000000
1403770.000000
2146873.000000
1438472.000000
2097589.000000
1170686.000000
547676.000000
3616474.000000
1723490.000000
2291410.000000
1183970.000000
1619096.000000
566180.000000
822047.000000
2374945.000000
2364802.000000
1552701.000000
3708217.000000
1187938.000000
1703403.000000
1145847.000000
3812843.000000
1217668.000000
3146814.000000
-1.000000
1878893.000000
4702170.000000
4527148.000000
4113135.000000
3967188.000000
886689.000000
3150118.000000
3519026.000000
2755939.000000
2730136.000000
3666969.000000
3460115.000000
5102468.000000
4429839.000000
4861382.000000
3617817.000000
3099694.000000
3419364.000000
3019980.000000
1582068.000000
2459461.000000
206390.000000
4819034.000000
4521527.000000
1829342.000000
4577391.000000
4494504.000000
2540196.000000
3798083.000000
2603846.000000
866641.000000
4327500.000000
4838783.000000
4310159.000000
2359386.000000
3657286.000000
2833787.000000
1045041.000000
4795320.000000
4484461.000000
1121543.000000
3974997.000000
1751628.000000
3232335.000000
2286044.000000
1391476.000000
1554680.000000
1874942.000000
-1.000000
3025779.000000
2803263.000000
2620159.000000
2252064.000000
1316531.000000
1466405.000000
1750139.000000
1079547.000000
868688.000000
1868560.000000
1968912.000000
3426077.000000
2705953.000000
3184991.000000
1941425.000000
1473188.000000
1956595.000000
1221571.000000
1273816.000000
783070.000000
1595278.000000
3142643.000000
2811810.000000
632477.000000
2900999.000000
2696095.000000
1341194.000000
2024375.000000
1089098.000000
2078400.000000
2617784.000000
3162391.000000
2566046.000000
843891.000000
1858877.000000
1481582.000000
836871.000000
3118929.000000
2686052.000000
2170143.000000
2176588.000000
165329.000000
1555943.000000
1844940.000000
4083182.000000
2184106.000000
4693973.000000
3023420.000000
-1.000000
455687.000000
1957320.000000
1586654.000000
4135561.000000
1679089.000000
1343681.000000
1944325.000000
2220107.000000
1363648.000000
2381842.000000
416087.000000
531246.000000
175001.000000
1163536.000000
2087965.000000
2128242.000000
1934711.000000
3770589.000000
2242717.000000
4507267.000000
246025.000000
292279.000000
3399710.000000
183157.000000
1006433.000000
2935535.000000
1064119.000000
2538576.000000
4897430.000000
469581.000000
138093.000000
1330248.000000
2716944.000000
1619930.000000
3002440.000000
3655901.000000
322723.000000
735391.000000
4831461.000000
1050204.000000
2950077.000000
1682281.000000
1438243.000000
3802754.000000
1795405.000000
4522242.000000
2807305.000000
454951.000000
-1.000000
1550623.000000
1179957.000000
3963830.000000
1398660.000000
1063252.000000
1772594.000000
1939678.000000
1032642.000000
1993140.000000
866501.000000
104615.000000
623491.000000
1082028.000000
1916234.000000
1739540.000000
1654282.000000
3598858.000000
2070986.000000
4335536.000000
696439.000000
180873.000000
3119281.000000
493066.000000
599736.000000
2763803.000000
782495.000000
2258148.000000
4725699.000000
206145.000000
560375.000000
923552.000000
2545213.000000
1231229.000000
2613739.000000
3484170.000000
774570.000000
328694.000000
4659730.000000
719198.000000
2778346.000000
1510550.000000
328788.000000
3027731.000000
1099717.000000
4105651.000000
2634501.000000
1947293.000000
1551948.000000
-1.000000
421563.000000
3883381.000000
1387094.000000
1254579.000000
1828762.000000
1780585.000000
1072261.000000
708224.000000
2358843.000000
1454638.000000
2115832.000000
1652873.000000
2193884.000000
698137.000000
1495189.000000
3701623.000000
1990382.000000
3990923.000000
2188781.000000
1673214.000000
2362247.000000
1985408.000000
991908.000000
3041454.000000
1331206.000000
1626248.000000
4645250.000000
1579535.000000
2052717.000000
569604.000000
2617825.000000
788319.000000
1404270.000000
3403721.000000
2266912.000000
1227940.000000
4698792.000000
1135437.000000
2697897.000000
1788200.000000
258808.000000
2972791.000000
857266.000000
3983295.000000
2255104.000000
1571567.000000
1176221.000000
420292.000000
-1.000000
3490274.000000
993987.000000
861471.000000
1435654.000000
1387478.000000
651438.000000
845340.000000
1983116.000000
1078912.000000
1740106.000000
1244957.000000
1800777.000000
621092.000000
1102082.000000
3308515.000000
1597275.000000
3861979.000000
1813054.000000
1297488.000000
2239891.000000
1612057.000000
655654.000000
2648346.000000
910384.000000
1383797.000000
4252142.000000
1148368.000000
1676990.000000
347305.000000
2224717.000000
399600.000000
1541387.000000
3010613.000000
1891186.000000
852213.000000
4305685.000000
804103.000000
2304790.000000
1395093.000000
3549729.000000
1490156.000000
2853376.000000
888631.000000
1316142.000000
4139419.000000
3964397.000000
3883844.000000
3487722.000000
-1.000000
2587366.000000
2956274.000000
2193187.000000
2167385.000000
3104218.000000
3280160.000000
4539717.000000
3867087.000000
4298631.000000
3055065.000000
2351829.000000
3255291.000000
2457229.000000
772900.000000
1896710.000000
701925.000000
4256283.000000
3958775.000000
1548387.000000
4014639.000000
3931753.000000
1784874.000000
3235331.000000
2387795.000000
767608.000000
3764748.000000
4276031.000000
3801704.000000
1796635.000000
3094534.000000
2621352.000000
549734.000000
4232569.000000
3921709.000000
859351.000000
3412245.000000
1188876.000000
2669583.000000
1054000.000000
2504736.000000
716665.000000
3145377.000000
1466768.000000
1681496.000000
1395609.000000
1388115.000000
991993.000000
2586965.000000
-1.000000
337665.000000
543983.000000
599142.000000
608489.000000
1219148.000000
2115474.000000
1298300.000000
1874388.000000
630823.000000
832589.000000
942821.000000
311646.000000
2405207.000000
693966.000000
2958671.000000
1832040.000000
1404157.000000
1711557.000000
1590397.000000
1355612.000000
1680158.000000
616722.000000
960131.000000
3348834.000000
1210130.000000
1780231.000000
1305975.000000
1321409.000000
598806.000000
1489322.000000
2107305.000000
1808326.000000
1345569.000000
3402377.000000
836105.000000
1401481.000000
426905.000000
920508.000000
2745040.000000
950784.000000
3515044.000000
1749591.000000
1345002.000000
1059115.000000
1254623.000000
858501.000000
2956632.000000
339135.000000
-1.000000
765396.000000
881964.000000
270216.000000
1362589.000000
1781031.000000
961806.000000
1539945.000000
400899.000000
942393.000000
1086262.000000
596569.000000
2625017.000000
1031062.000000
3328338.000000
1497597.000000
1067663.000000
2061567.000000
1255954.000000
1019118.000000
1789962.000000
280228.000000
1200434.000000
3718501.000000
873636.000000
1443738.000000
998038.000000
1552014.000000
465314.000000
1769118.000000
2476972.000000
1473883.000000
1009075.000000
3632982.000000
499611.000000
1771148.000000
536708.000000
1502474.000000
2258112.000000
989839.000000
2750830.000000
1080276.000000
1945659.000000
1770637.000000
1836589.000000
1440467.000000
2192418.000000
542160.000000
762515.000000
-1.000000
411831.000000
1028254.000000
1595480.000000
2345957.000000
1673328.000000
2104871.000000
861306.000000
394670.000000
1319154.000000
430024.000000
1893533.000000
299574.000000
2564124.000000
2062523.000000
1765016.000000
1524246.000000
1820880.000000
1780462.000000
1224800.000000
1041572.000000
875420.000000
2954287.000000
1570989.000000
2082272.000000
1756076.000000
809735.000000
1047280.000000
1498202.000000
1712758.000000
2038809.000000
1770419.000000
2890703.000000
1260955.000000
1006934.000000
475824.000000
1342418.000000
1874201.000000
773422.000000
2727501.000000
870414.000000
2221866.000000
1935979.000000
1676533.000000
1384781.000000
2169089.000000
599122.000000
882856.000000
411027.000000
-1.000000
1001277.000000
1281514.000000
2657895.000000
1838670.000000
2416809.000000
1226383.000000
805912.000000
1149948.000000
354288.000000
1993743.000000
268817.000000
2462380.000000
2374461.000000
1944527.000000
1115202.000000
2132818.000000
1828812.000000
1388438.000000
1157092.000000
469823.000000
2930958.000000
1750500.000000
2320602.000000
1698763.000000
909945.000000
991593.000000
1092605.000000
1689429.000000
2350747.000000
1818768.000000
3022701.000000
1309304.000000
1017887.000000
887127.000000
790088.000000
2854025.000000
897806.000000
3661879.000000
1868298.000000
1365438.000000
1029894.000000
1070912.000000
651142.000000
3103467.000000
607180.000000
268769.000000
1027919.000000
1000671.000000
-1.000000
1278821.000000
1776987.000000
932584.000000
1534207.000000
644822.000000
1207570.000000
999363.000000
715275.000000
2898335.000000
1210469.000000
3475173.000000
1528080.000000
1087700.000000
2170552.000000
1286436.000000
835297.000000
2055139.000000
310249.000000
1309419.000000
3865336.000000
903172.000000
1471092.000000
735584.000000
1814537.000000
334894.000000
1716139.000000
2623807.000000
1504366.000000
825254.000000
3895504.000000
315790.000000
1917983.000000
801886.000000
588474.000000
2323418.000000
558548.000000
3460298.000000
1961978.000000
2383797.000000
1993620.000000
707853.000000
845954.000000
3278090.000000
1203398.000000
1343909.000000
1569982.000000
1283561.000000
1280187.000000
-1.000000
2795346.000000
1896311.000000
2552566.000000
1743823.000000
1876535.000000
257845.000000
1132517.000000
3235376.000000
1538580.000000
3345570.000000
2625284.000000
2119653.000000
1716894.000000
2385220.000000
1533993.000000
2644515.000000
1552314.000000
1020732.000000
4039959.000000
1921531.000000
2489451.000000
1178290.000000
2166022.000000
944717.000000
699956.000000
2684426.000000
2639015.000000
1697426.000000
4131702.000000
1549214.000000
2126889.000000
1626950.000000
2252505.000000
4515975.000000
2591671.000000
5091438.000000
3420885.000000
411851.000000
863252.000000
2364885.000000
1994219.000000
4533026.000000
2110842.000000
1776473.000000
2341790.000000
2652899.000000
1771213.000000
2789407.000000
-1.000000
938811.000000
277359.000000
1503491.000000
2485430.000000
2535807.000000
2367503.000000
4168054.000000
2640182.000000
4904732.000000
267637.000000
699844.000000
3832502.000000
523112.000000
1413998.000000
3333000.000000
1496911.000000
2971369.000000
5294895.000000
877146.000000
350987.000000
1737813.000000
3114409.000000
2027495.000000
3410005.000000
4053366.000000
291165.000000
1142956.000000
5228926.000000
1457769.000000
3347542.000000
2079746.000000
1339964.000000
3704696.000000
1697126.000000
4424184.000000
2709247.000000
529057.000000
103534.000000
1452344.000000
1081678.000000
3865773.000000
1300603.000000
965195.000000
1674536.000000
1841621.000000
934585.000000
1894861.000000
940607.000000
-1.000000
697596.000000
983970.000000
1818176.000000
1641262.000000
1556225.000000
3500801.000000
1972928.000000
4237478.000000
770545.000000
254978.000000
3021224.000000
567172.000000
501457.000000
2665746.000000
684437.000000
2160090.000000
4627641.000000
179349.000000
634481.000000
825273.000000
2447155.000000
1132950.000000
2515460.000000
3386112.000000
848676.000000
230415.000000
4561672.000000
621141.000000
2680289.000000
1412492.000000
2012554.000000
4278421.000000
2353699.000000
4853884.000000
3183331.000000
174297.000000
623302.000000
2124934.000000
1754268.000000
4295473.000000
1873288.000000
1538920.000000
2104237.000000
2415346.000000
1533241.000000
2551434.000000
281827.000000
698860.000000
-1.000000
1265938.000000
2247877.000000
2297834.000000
2129950.000000
3930501.000000
2402628.000000
4667179.000000
127089.000000
459894.000000
3594949.000000
285559.000000
1174047.000000
3095446.000000
1259358.000000
2733816.000000
5057342.000000
639174.000000
63913.000000
1497863.000000
2876856.000000
1789523.000000
3172033.000000
3815813.000000
305883.000000
903005.000000
4991373.000000
1219796.000000
3109989.000000
1842192.000000
1321194.000000
3132806.000000
1351146.000000
3611052.000000
1940499.000000
1160961.000000
1080678.000000
1655309.000000
1243308.000000
3052640.000000
630456.000000
401212.000000
861404.000000
1227558.000000
643184.000000
1762950.000000
1503750.000000
983368.000000
1262664.000000
-1.000000
1005044.000000
1486624.000000
940063.000000
2687668.000000
1159796.000000
3424346.000000
1220316.000000
1075056.000000
2339973.000000
978673.000000
1188440.000000
1852614.000000
408538.000000
1588200.000000
3814509.000000
881030.000000
1240065.000000
1240665.000000
1634023.000000
865999.000000
2169479.000000
2572980.000000
1226193.000000
1106897.000000
3748540.000000
670605.000000
1867156.000000
599360.000000
1858914.000000
2651744.000000
1383470.000000
3094713.000000
1474359.000000
2084055.000000
1909033.000000
2193029.000000
1796907.000000
2359099.000000
830839.000000
934755.000000
395326.000000
805463.000000
1203800.000000
1893537.000000
2484353.000000
1811723.000000
2243267.000000
999701.000000
-1.000000
1617211.000000
817547.000000
1684914.000000
693656.000000
2908008.000000
2200919.000000
1903411.000000
1917878.000000
1959275.000000
1952702.000000
849859.000000
1213812.000000
1269052.000000
2876547.000000
1709384.000000
2220667.000000
1931621.000000
637489.000000
1403719.000000
1891834.000000
2056642.000000
2177205.000000
1935252.000000
2745786.000000
1433195.000000
1358287.000000
416462.000000
403226.000000
2362029.000000
413791.000000
3417833.000000
1919513.000000
2128923.000000
1738746.000000
703515.000000
618586.000000
3256774.000000
948549.000000
1089059.000000
1315133.000000
1157537.000000
998702.000000
279209.000000
2540472.000000
1641437.000000
2297692.000000
1488974.000000
1621686.000000
-1.000000
877667.000000
3083866.000000
1372626.000000
3303104.000000
2370410.000000
1864779.000000
1674428.000000
2130346.000000
1275624.000000
2478562.000000
1270829.000000
978267.000000
4018643.000000
1666657.000000
2234577.000000
961557.000000
2000068.000000
666323.000000
888519.000000
2641961.000000
2384142.000000
1472183.000000
4110386.000000
1288081.000000
2105572.000000
1372101.000000
1161984.000000
2218598.000000
554767.000000
3017255.000000
1223674.000000
1937062.000000
1651175.000000
1496098.000000
1099976.000000
2458843.000000
312360.000000
598051.000000
412860.000000
356047.000000
716472.000000
1150815.000000
2373091.000000
1553865.000000
2132005.000000
939620.000000
805073.000000
874488.000000
-1.000000
2277085.000000
565845.000000
2830549.000000
2089657.000000
1659723.000000
1429928.000000
1848013.000000
1544007.000000
1671780.000000
872287.000000
673992.000000
3220712.000000
1465696.000000
2035797.000000
1413958.000000
1193287.000000
706789.000000
1203184.000000
1979183.000000
2065943.000000
1533964.000000
3274255.000000
1024500.000000
1273359.000000
699726.000000
3368278.000000
1837237.000000
2705003.000000
1627415.000000
1274417.000000
3767806.000000
3592783.000000
3702393.000000
3306271.000000
784036.000000
2405916.000000
2618506.000000
1894591.000000
1995260.000000
2887550.000000
3238436.000000
4168104.000000
3495474.000000
3927018.000000
2683452.000000
1685066.000000
3081529.000000
2275778.000000
-1.000000
1806786.000000
1440710.000000
3884670.000000
3587162.000000
1902001.000000
3643026.000000
3636453.000000
1093256.000000
2897562.000000
2346070.000000
1142229.000000
3393135.000000
3904418.000000
3620253.000000
1129813.000000
2913084.000000
2751106.000000
778742.000000
3860956.000000
3619003.000000
1011468.000000
3116946.000000
1114945.000000
2100213.000000
1657029.000000
2007601.000000
993753.000000
2455456.000000
784903.000000
2253167.000000
2078145.000000
1991144.000000
1595022.000000
1897044.000000
694667.000000
1028770.000000
306935.000000
267443.000000
1211518.000000
1541530.000000
2653465.000000
1980836.000000
2412379.000000
1168814.000000
700577.000000
1370280.000000
564529.000000
1806755.000000
-1.000000
2268750.000000
2370031.000000
2072524.000000
1248602.000000
2128388.000000
2039053.000000
1217448.000000
1307827.000000
702430.000000
2658913.000000
1878497.000000
2389780.000000
1909004.000000
638114.000000
1201835.000000
1325212.000000
1417384.000000
2346317.000000
2029010.000000
2750656.000000
1519546.000000
711560.000000
783332.000000
3697477.000000
1177948.000000
3031449.000000
207357.000000
1594639.000000
4516176.000000
4341153.000000
3997770.000000
3864478.000000
700694.000000
2964123.000000
3333031.000000
2569944.000000
2460690.000000
3480974.000000
3344750.000000
4916474.000000
4243844.000000
4675388.000000
3431822.000000
2913699.000000
3303999.000000
2833985.000000
1396073.000000
2273467.000000
-1.000000
4633040.000000
4335532.000000
1713976.000000
4391396.000000
4308509.000000
2354201.000000
3612088.000000
2488480.000000
831801.000000
4141505.000000
4652788.000000
4178460.000000
2173391.000000
3471291.000000
2734987.000000
859046.000000
4609326.000000
4298466.000000
1086703.000000
3789002.000000
1565633.000000
3046340.000000
2084609.000000
4235858.000000
2423775.000000
4811321.000000
3140768.000000
243954.000000
695356.000000
2196988.000000
1826322.000000
4252910.000000
1830725.000000
1496357.000000
2061674.000000
2372783.000000
1527598.000000
2621510.000000
272614.000000
770915.000000
126114.000000
1223375.000000
2205314.000000
2367910.000000
2087387.000000
3887938.000000
2360066.000000
4624616.000000
-1.000000
531948.000000
3552386.000000
246636.000000
1246101.000000
3052883.000000
1216795.000000
2691253.000000
5014779.000000
709250.000000
188304.000000
1569917.000000
2834293.000000
1859599.000000
3242109.000000
3773250.000000
193050.000000
975059.000000
4948810.000000
1289872.000000
3067426.000000
1799630.000000
1569523.000000
3806818.000000
1920680.000000
4514474.000000
2811370.000000
291154.000000
180270.000000
1681902.000000
1311236.000000
3956063.000000
1402725.000000
1067317.000000
1764826.000000
1943743.000000
1087568.000000
2118415.000000
702704.000000
255829.000000
459693.000000
1074260.000000
1908466.000000
1864815.000000
1658347.000000
3591091.000000
2063218.000000
4327768.000000
532642.000000
-1.000000
3123346.000000
329269.000000
731015.000000
2756036.000000
786560.000000
2262213.000000
4717931.000000
202425.000000
396578.000000
1054831.000000
2537445.000000
1356504.000000
2739013.000000
3476402.000000
610773.000000
459973.000000
4651962.000000
774124.000000
2770579.000000
1502782.000000
2069593.000000
767889.000000
1403565.000000
1827820.000000
629552.000000
3396283.000000
3110396.000000
2369885.000000
2223938.000000
1547556.000000
1726557.000000
2057272.000000
1538462.000000
1114522.000000
2169599.000000
1716866.000000
3832312.000000
3013087.000000
3591226.000000
2353818.000000
1933347.000000
1676115.000000
1438702.000000
1902950.000000
1248124.000000
1713092.000000
3548878.000000
3118944.000000
-1.000000
3307234.000000
2821411.000000
1970327.000000
2331509.000000
860596.000000
2309424.000000
2924917.000000
3495018.000000
2566909.000000
1397679.000000
1949119.000000
1107103.000000
1000781.000000
3525164.000000
2935640.000000
2401168.000000
2477627.000000
794462.000000
2014562.000000
1873366.000000
3995173.000000
2149042.000000
4570636.000000
2900083.000000
185053.000000
495918.000000
1997550.000000
1615079.000000
4012224.000000
1590040.000000
1255671.000000
1820988.000000
2132097.000000
1286913.000000
2386306.000000
527842.000000
571476.000000
286756.000000
982689.000000
1964628.000000
2132707.000000
1846701.000000
3647252.000000
2119380.000000
4383930.000000
248607.000000
332510.000000
3311700.000000
-1.000000
1046663.000000
2812198.000000
976109.000000
2450567.000000
4774093.000000
474046.000000
264157.000000
1370479.000000
2593607.000000
1586130.000000
2967376.000000
3532564.000000
273972.000000
775621.000000
4708124.000000
1054669.000000
2826740.000000
1558944.000000
916839.000000
3503781.000000
1437684.000000
4489651.000000
2696070.000000
995243.000000
599898.000000
990044.000000
658553.000000
3931240.000000
1355117.000000
1019709.000000
1781378.000000
1828444.000000
834372.000000
1503371.000000
1406792.000000
502588.000000
1163782.000000
1189991.000000
1958375.000000
1279123.000000
1543048.000000
3640999.000000
2038241.000000
4302945.000000
1236730.000000
721164.000000
2820309.000000
1033357.000000
-1.000000
2805944.000000
778201.000000
1964215.000000
4693108.000000
627485.000000
1100667.000000
362972.000000
2567996.000000
873507.000000
2199418.000000
3451579.000000
1314862.000000
275890.000000
4648964.000000
518813.000000
2745756.000000
1552690.000000
2707426.000000
2585251.000000
2099662.000000
2531439.000000
1341703.000000
2932567.000000
2757544.000000
3041541.000000
2645418.000000
1791913.000000
1679351.000000
1783266.000000
1224711.000000
1389919.000000
2052311.000000
2647439.000000
2832455.000000
2660235.000000
3091779.000000
1848213.000000
849827.000000
2476189.000000
1670437.000000
1092631.000000
1209251.000000
2344733.000000
3049431.000000
2751923.000000
1969286.000000
2807787.000000
2801214.000000
-1.000000
2062323.000000
1686902.000000
2171846.000000
2557896.000000
3069179.000000
2780133.000000
550878.000000
2252231.000000
2309684.000000
1682766.000000
2625567.000000
2783764.000000
2041085.000000
2281707.000000
1182230.000000
1264974.000000
1064749.000000
3020656.000000
1172466.000000
3792472.000000
2025207.000000
1065886.000000
779273.000000
1330231.000000
910460.000000
3234060.000000
616563.000000
281154.000000
1042824.000000
1157580.000000
310337.000000
1553482.000000
1501914.000000
681963.000000
1260828.000000
417248.000000
1219821.000000
1274024.000000
872185.000000
2902445.000000
1308490.000000
3605766.000000
1218480.000000
787820.000000
2337183.000000
976837.000000
780594.000000
2067390.000000
-1.000000
1476050.000000
3995929.000000
593794.000000
1163895.000000
832819.000000
1829442.000000
609554.000000
1990800.000000
2754400.000000
1194766.000000
770551.000000
3910410.000000
262760.000000
2048576.000000
814136.000000
1278231.000000
1543196.000000
546867.000000
2603128.000000
1090336.000000
2535808.000000
2249921.000000
1612346.000000
1367241.000000
2389011.000000
955667.000000
1196797.000000
874921.000000
469917.000000
1309124.000000
1019436.000000
2971837.000000
2152612.000000
2730751.000000
1583136.000000
1269806.000000
978685.000000
674090.000000
2346297.000000
700992.000000
2488400.000000
2688403.000000
2258469.000000
859724.000000
2446759.000000
1964713.000000
1686642.000000
1471034.000000
-1.000000
3150880.000000
2064442.000000
2634543.000000
1710211.000000
1180438.000000
1092421.000000
629742.000000
1909351.000000
2664689.000000
2078942.000000
3242623.000000
1617152.000000
1237810.000000
1351021.000000
4313177.000000
2076233.000000
3616825.000000
866090.000000
2079590.000000
4902867.000000
4727845.000000
4647292.000000
4251170.000000
769147.000000
3350815.000000
3719723.000000
2956635.000000
2930833.000000
3867666.000000
4043609.000000
5303165.000000
4630535.000000
5062079.000000
3818514.000000
2877671.000000
4018739.000000
3220677.000000
1142605.000000
2660158.000000
831718.000000
5019731.000000
4722223.000000
2311835.000000
4778088.000000
4695201.000000
2172142.000000
3998779.000000
3151243.000000
-1.000000
4528197.000000
5039480.000000
4565152.000000
2258641.000000
3857983.000000
3384800.000000
1313182.000000
4996017.000000
4685158.000000
263969.000000
4175694.000000
1952324.000000
3292818.000000
1407720.000000
3613402.000000
1722926.000000
4321058.000000
2617954.000000
470044.000000
205619.000000
1578015.000000
1149434.000000
3762646.000000
1209309.000000
873901.000000
1571410.000000
1750327.000000
902468.000000
1920661.000000
881594.000000
179996.000000
638814.000000
880844.000000
1715050.000000
1667061.000000
1464931.000000
3397675.000000
1869802.000000
4134352.000000
711532.000000
203259.000000
2929930.000000
471468.000000
627128.000000
2562620.000000
593143.000000
2068797.000000
4524515.000000
-1.000000
575699.000000
917971.000000
2344029.000000
1158750.000000
2541260.000000
3282986.000000
725263.000000
356086.000000
4458546.000000
589023.000000
2577162.000000
1309366.000000
1950315.000000
4182751.000000
2291460.000000
4833069.000000
3162516.000000
153482.000000
561062.000000
2062695.000000
1692029.000000
4274657.000000
1778658.000000
1443249.000000
2083421.000000
2319675.000000
1471001.000000
2489195.000000
356259.000000
636621.000000
63617.000000
1245122.000000
2227061.000000
2235595.000000
2034280.000000
3909685.000000
2381813.000000
4646363.000000
190211.000000
397654.000000
3499278.000000
264743.000000
1111808.000000
3074630.000000
1162492.000000
2638145.000000
5036526.000000
576935.000000
-1.000000
1435623.000000
2856040.000000
1727284.000000
3109793.000000
3794997.000000
369005.000000
840766.000000
4970557.000000
1157557.000000
3089173.000000
1821377.000000
593053.000000
3314859.000000
1199334.000000
4325364.000000
2566629.000000
1318467.000000
923121.000000
571244.000000
347980.000000
3801798.000000
1305511.000000
997361.000000
1756510.000000
1699002.000000
735191.000000
1179586.000000
1730016.000000
825812.000000
1487006.000000
1243929.000000
1936161.000000
963160.000000
1413606.000000
3620040.000000
1908799.000000
4173504.000000
1559954.000000
1044388.000000
2581959.000000
1356581.000000
363081.000000
2783731.000000
832139.000000
1725865.000000
4563667.000000
917016.000000
1423890.000000
-1.000000
2536242.000000
711125.000000
1875632.000000
3322138.000000
1638086.000000
599113.000000
4617209.000000
572751.000000
2616314.000000
1530477.000000
2284507.000000
2155704.000000
1621232.000000
2355444.000000
844617.000000
2713531.000000
2538509.000000
2618622.000000
2222500.000000
1763038.000000
1322145.000000
1564231.000000
810820.000000
911489.000000
1818092.000000
2169009.000000
3113829.000000
2441199.000000
2872743.000000
1629177.000000
638172.000000
1997758.000000
1192007.000000
1129566.000000
638001.000000
2168738.000000
2830395.000000
2532887.000000
1396705.000000
2588751.000000
2582178.000000
550909.000000
1843288.000000
1180926.000000
2257497.000000
2338860.000000
2850143.000000
2536482.000000
-1.000000
1829313.000000
1803708.000000
1317372.000000
2806681.000000
2564728.000000
2126736.000000
2062671.000000
686148.000000
1045938.000000
455135.000000
2632013.000000
565916.000000
3655213.000000
1861632.000000
1620356.000000
1230180.000000
789250.000000
396282.000000
3096802.000000
600515.000000
467999.000000
1042182.000000
994006.000000
337209.000000
943868.000000
2031906.000000
1132870.000000
1789126.000000
866294.000000
1407305.000000
667473.000000
708610.000000
2915043.000000
1203803.000000
3468507.000000
1861844.000000
1356212.000000
1948541.000000
1585523.000000
873073.000000
2254874.000000
609336.000000
1092447.000000
3858670.000000
1158091.000000
1726011.000000
710264.000000
1831245.000000
-1.000000
1384249.000000
2617141.000000
1803452.000000
987302.000000
3912213.000000
626588.000000
1911318.000000
1001621.000000
1284569.000000
1618130.000000
827332.000000
2834855.000000
1476539.000000
3003796.000000
2613619.000000
1403948.000000
1542049.000000
2620081.000000
1484906.000000
1769208.000000
1497474.000000
1092471.000000
1716599.000000
700296.000000
3415345.000000
2516310.000000
3172565.000000
2169122.000000
1892359.000000
950529.000000
1203330.000000
2749937.000000
1323546.000000
2734450.000000
3245283.000000
2739652.000000
1105775.000000
2964913.000000
2230088.000000
2309195.000000
1988726.000000
629750.000000
3381950.000000
2541530.000000
3109450.000000
1874385.000000
1802991.000000
1384220.000000
-1.000000
2073307.000000
3182842.000000
2370741.000000
3473693.000000
2005978.000000
1641450.000000
1973574.000000
3070010.000000
1061239.000000
2373657.000000
1046032.000000
836423.000000
3659700.000000
3484678.000000
3404125.000000
3008002.000000
549441.000000
2107647.000000
2476555.000000
1713468.000000
1687666.000000
2624499.000000
2684125.000000
4059998.000000
3387368.000000
3818912.000000
2575346.000000
2057223.000000
2643374.000000
1977510.000000
766037.000000
1416991.000000
859326.000000
3776564.000000
3479056.000000
1001397.000000
3534920.000000
3452033.000000
1681163.000000
2755612.000000
1908075.000000
1311310.000000
3285029.000000
3796312.000000
3321984.000000
1316915.000000
2614815.000000
2074362.000000
-1.000000
3752850.000000
3441990.000000
1403053.000000
2932526.000000
709157.000000
2189864.000000
2164862.000000
4215688.000000
2369557.000000
4791151.000000
3120598.000000
322897.000000
775609.000000
2277241.000000
1906575.000000
4232739.000000
1810555.000000
1476186.000000
2041503.000000
2352612.000000
1507428.000000
2637848.000000
291562.000000
851168.000000
305984.000000
1221918.000000
2185143.000000
2384249.000000
2067217.000000
3867768.000000
2339895.000000
4604445.000000
195456.000000
612201.000000
3532215.000000
256406.000000
1326354.000000
2627761.000000
1196624.000000
2671082.000000
4994608.000000
725588.000000
368174.000000
1650170.000000
2814122.000000
1806645.000000
3187891.000000
3753079.000000
-1.000000
1055312.000000
4928639.000000
1306211.000000
3047255.000000
1779459.000000
1113155.000000
3619102.000000
1553004.000000
4480902.000000
2687321.000000
723671.000000
328325.000000
1225535.000000
854869.000000
3922490.000000
1346367.000000
1010959.000000
1772629.000000
1819694.000000
825622.000000
1699687.000000
1135220.000000
231016.000000
892210.000000
1106400.000000
1940606.000000
1475439.000000
1534298.000000
3623231.000000
2029491.000000
4294196.000000
965158.000000
449592.000000
2935629.000000
761785.000000
274648.000000
2788176.000000
769452.000000
2079535.000000
4684359.000000
355912.000000
829095.000000
598464.000000
2569585.000000
988828.000000
2371338.000000
3442830.000000
1043290.000000
-1.000000
4684102.000000
510063.000000
2737006.000000
1534922.000000
4403565.000000
2215401.000000
3707213.000000
1120434.000000
2169978.000000
4828922.000000
4653900.000000
4737680.000000
4341558.000000
859535.000000
3441203.000000
3679622.000000
2891931.000000
3021221.000000
3958054.000000
4133997.000000
5229220.000000
4556590.000000
4988134.000000
3744569.000000
2746182.000000
4109127.000000
3311065.000000
1011117.000000
2750546.000000
1086062.000000
4945786.000000
4648278.000000
2402223.000000
4704143.000000
4697569.000000
2040653.000000
3958679.000000
3241631.000000
262364.000000
4454252.000000
4965535.000000
4655540.000000
2127153.000000
3948371.000000
3475188.000000
1403570.000000
4922072.000000
4680119.000000
-1.000000
4178062.000000
2042712.000000
3161330.000000
1050170.000000
3163135.000000
1185733.000000
3970989.000000
2177409.000000
1051333.000000
715789.000000
1135256.000000
803275.000000
3412578.000000
836455.000000
501047.000000
1262716.000000
1309782.000000
315710.000000
1547092.000000
1462882.000000
618480.000000
1220103.000000
672558.000000
1439713.000000
1287290.000000
1024386.000000
3122337.000000
1519579.000000
3784284.000000
1292820.000000
773596.000000
2479663.000000
1052757.000000
519586.000000
2287282.000000
260768.000000
1618530.000000
4174447.000000
589067.000000
1156987.000000
571811.000000
2049334.000000
622820.000000
2004066.000000
2932918.000000
1306552.000000
509543.000000
4130302.000000
-1.000000
2227094.000000
1034029.000000
2364180.000000
1552538.000000
1703190.000000
1746271.000000
165956.000000
2953870.000000
2778848.000000
2698295.000000
2302173.000000
1187860.000000
1401818.000000
1770726.000000
1007639.000000
1017198.000000
1918669.000000
2129974.000000
3354168.000000
2681539.000000
3113082.000000
1869517.000000
1357753.000000
2105105.000000
1271680.000000
1113923.000000
711161.000000
1559566.000000
3070734.000000
2773227.000000
793539.000000
2829091.000000
2746204.000000
1181301.000000
2049783.000000
1237608.000000
1949729.000000
2579200.000000
3090483.000000
2616155.000000
685021.000000
1908986.000000
1642644.000000
708200.000000
3047020.000000
2736161.000000
2041472.000000
2226697.000000
-1.000000
1484035.000000
1452804.000000
2730926.000000
1139009.000000
3224094.000000
1553541.000000
1677945.000000
1502923.000000
1786919.000000
1390797.000000
2665683.000000
424729.000000
528645.000000
474446.000000
884645.000000
797690.000000
1641491.000000
2078243.000000
1405614.000000
1837157.000000
593592.000000
422522.000000
1365165.000000
697869.000000
2105147.000000
772838.000000
3037389.000000
1794809.000000
1497301.000000
1997060.000000
1553166.000000
1546592.000000
1270092.000000
807702.000000
1348234.000000
3296780.000000
1303275.000000
1814558.000000
1525512.000000
1051501.000000
997610.000000
1971016.000000
2186023.000000
1771095.000000
1529142.000000
3166019.000000
1027085.000000
1480199.000000
-1.000000
