-1.000000
90132.000000
25037.000000
126398.000000
73633.000000
62176.000000
48555.000000
13313.000000
8572.000000
114731.000000
34229.000000
30189.000000
50017.000000
46419.000000
25915.000000
18932.000000
75895.000000
44551.000000
67957.000000
43065.000000
59749.000000
14804.000000
37678.000000
109378.000000
54138.000000
123295.000000
70353.000000
52487.000000
69336.000000
62613.000000
30286.000000
87429.000000
34768.000000
41970.000000
140412.000000
46879.000000
65764.000000
19034.000000
73196.000000
14727.000000
41949.000000
99800.000000
72870.000000
36882.000000
142638.000000
34841.000000
76882.000000
47028.000000
89729.000000
-1.000000
68680.000000
40413.000000
45931.000000
135811.000000
127452.000000
97219.000000
95654.000000
50684.000000
82622.000000
90770.000000
77335.000000
64167.000000
93864.000000
74838.000000
149382.000000
123448.000000
141387.000000
102996.000000
90086.000000
75787.000000
73660.000000
61312.000000
68154.000000
40929.000000
142862.000000
126349.000000
26508.000000
132041.000000
115667.000000
90229.000000
99768.000000
51394.000000
70100.000000
120228.000000
139940.000000
106381.000000
73018.000000
86574.000000
52860.000000
36577.000000
141958.000000
118921.000000
77181.000000
103851.000000
50842.000000
93674.000000
25057.000000
69017.000000
-1.000000
102950.000000
49794.000000
73182.000000
60536.000000
38127.000000
28255.000000
91274.000000
24860.000000
31319.000000
32370.000000
25690.000000
30017.000000
22101.000000
86901.000000
56531.000000
78856.000000
43822.000000
45120.000000
15387.000000
21246.000000
88648.000000
33409.000000
99847.000000
81359.000000
63706.000000
45889.000000
71159.000000
48033.000000
67936.000000
38869.000000
18043.000000
116956.000000
57166.000000
76662.000000
38982.000000
52467.000000
18940.000000
27145.000000
76344.000000
81077.000000
51288.000000
119720.000000
39564.000000
53943.000000
38813.000000
126680.000000
40312.000000
103082.000000
-1.000000
61956.000000
154236.000000
148899.000000
136786.000000
130290.000000
30676.000000
102798.000000
114272.000000
88978.000000
87912.000000
119531.000000
114422.000000
166788.000000
144895.000000
158793.000000
117057.000000
99971.000000
112737.000000
98375.000000
54036.000000
79701.000000
9133.000000
160268.000000
147527.000000
60910.000000
149447.000000
147384.000000
86584.000000
123365.000000
85796.000000
30318.000000
141406.000000
158165.000000
141018.000000
78162.000000
118887.000000
92444.000000
34081.000000
159365.000000
146500.000000
38929.000000
129518.000000
57154.000000
105343.000000
73538.000000
46104.000000
49592.000000
61962.000000
-1.000000
99599.000000
93301.000000
86608.000000
72570.000000
43246.000000
47265.000000
56619.000000
34341.000000
27622.000000
60238.000000
65877.000000
112151.000000
89297.000000
104156.000000
62420.000000
47111.000000
64306.000000
39082.000000
41027.000000
25064.000000
55425.000000
105631.000000
92198.000000
20604.000000
94810.000000
88091.000000
46397.000000
65617.000000
34868.000000
68927.000000
86077.000000
103528.000000
83167.000000
28915.000000
59594.000000
50434.000000
28316.000000
104728.000000
87207.000000
71691.000000
70225.000000
5915.000000
50706.000000
62243.000000
135721.000000
73085.000000
154138.000000
99439.000000
-1.000000
16399.000000
64619.000000
54124.000000
135422.000000
56977.000000
45524.000000
65147.000000
74359.000000
46413.000000
79020.000000
14269.000000
19080.000000
6275.000000
39326.000000
69983.000000
71115.000000
65157.000000
125678.000000
75353.000000
148329.000000
8727.000000
11113.000000
112593.000000
6796.000000
34563.000000
97663.000000
36171.000000
84736.000000
161103.000000
16747.000000
5517.000000
45059.000000
89580.000000
54488.000000
99567.000000
120492.000000
11148.000000
25907.000000
159022.000000
36052.000000
97574.000000
57261.000000
48621.000000
127851.000000
60570.000000
149082.000000
93703.000000
16373.000000
-1.000000
50998.000000
40503.000000
130366.000000
49107.000000
37654.000000
60091.000000
66489.000000
35579.000000
66505.000000
30092.000000
4773.000000
22154.000000
37295.000000
64927.000000
58600.000000
57286.000000
120623.000000
70298.000000
143273.000000
24550.000000
6684.000000
104723.000000
17312.000000
20942.000000
92607.000000
28342.000000
76866.000000
156047.000000
9685.000000
19960.000000
31437.000000
84524.000000
41973.000000
87052.000000
115436.000000
27066.000000
12285.000000
153966.000000
25218.000000
92518.000000
52206.000000
13348.000000
97449.000000
38211.000000
136381.000000
86806.000000
64481.000000
50860.000000
-1.000000
15663.000000
127904.000000
47402.000000
43363.000000
63190.000000
59593.000000
36855.000000
23060.000000
78200.000000
46856.000000
70263.000000
56176.000000
72922.000000
24761.000000
50851.000000
122551.000000
67311.000000
133278.000000
72658.000000
54793.000000
79319.000000
65421.000000
31529.000000
100603.000000
45419.000000
55144.000000
153585.000000
51459.000000
68069.000000
22842.000000
86369.000000
27901.000000
46078.000000
112974.000000
75175.000000
39187.000000
155811.000000
41959.000000
90056.000000
60201.000000
8544.000000
96198.000000
28291.000000
130131.000000
72664.000000
54024.000000
40403.000000
15594.000000
-1.000000
113468.000000
32799.000000
28760.000000
48587.000000
45451.000000
21612.000000
27208.000000
67743.000000
36398.000000
59805.000000
40933.000000
58319.000000
20819.000000
36248.000000
108115.000000
52875.000000
126375.000000
62201.000000
44335.000000
73070.000000
54461.000000
22133.000000
85999.000000
30175.000000
45224.000000
139149.000000
38726.000000
57611.000000
11521.000000
71933.000000
13473.000000
50225.000000
98538.000000
64717.000000
28729.000000
141376.000000
27632.000000
75620.000000
45598.000000
114547.000000
50920.000000
91206.000000
30868.000000
43280.000000
135560.000000
130223.000000
127617.000000
113186.000000
-1.000000
84121.000000
95596.000000
70301.000000
69235.000000
100854.000000
108230.000000
148111.000000
126218.000000
140116.000000
98381.000000
76849.000000
105919.000000
79698.000000
27307.000000
61025.000000
25058.000000
141592.000000
128850.000000
53456.000000
130771.000000
128707.000000
61165.000000
104688.000000
76481.000000
26483.000000
122729.000000
139488.000000
123783.000000
59464.000000
100210.000000
90374.000000
17838.000000
140688.000000
127823.000000
29247.000000
110841.000000
38478.000000
86666.000000
34332.000000
82758.000000
24783.000000
103195.000000
47414.000000
57316.000000
48958.000000
47402.000000
32892.000000
84479.000000
-1.000000
12181.000000
17961.000000
20200.000000
20559.000000
39893.000000
70796.000000
44953.000000
62801.000000
21065.000000
27365.000000
30958.000000
12055.000000
79126.000000
23886.000000
97386.000000
64276.000000
47854.000000
58600.000000
53455.000000
47031.000000
55045.000000
21273.000000
31773.000000
110160.000000
41733.000000
61445.000000
43488.000000
42944.000000
19915.000000
50730.000000
69549.000000
63373.000000
46147.000000
112386.000000
29165.000000
46631.000000
14644.000000
30147.000000
90850.000000
31292.000000
114834.000000
56702.000000
45715.000000
37357.000000
43217.000000
28706.000000
96118.000000
12176.000000
-1.000000
25843.000000
29488.000000
9456.000000
44643.000000
59286.000000
33352.000000
51291.000000
13849.000000
31491.000000
35709.000000
20285.000000
87187.000000
35474.000000
109025.000000
52766.000000
36253.000000
67722.000000
41945.000000
35430.000000
59171.000000
9672.000000
39865.000000
121799.000000
30132.000000
49844.000000
33628.000000
51023.000000
15730.000000
57774.000000
81188.000000
51862.000000
34546.000000
120465.000000
17564.000000
58270.000000
18770.000000
49915.000000
77626.000000
32375.000000
89238.000000
34539.000000
65435.000000
60098.000000
62985.000000
48475.000000
70521.000000
17795.000000
25688.000000
-1.000000
13669.000000
34164.000000
53327.000000
77987.000000
56094.000000
69992.000000
28256.000000
12945.000000
44392.000000
15990.000000
62068.000000
10453.000000
83428.000000
71467.000000
58726.000000
52068.000000
60646.000000
60539.000000
39989.000000
34781.000000
28457.000000
96202.000000
52604.000000
69364.000000
58336.000000
25886.000000
35499.000000
48212.000000
55591.000000
70564.000000
59654.000000
95328.000000
42673.000000
32673.000000
16541.000000
46527.000000
64520.000000
25582.000000
88005.000000
27808.000000
74649.000000
66290.000000
59597.000000
45560.000000
69289.000000
20254.000000
29608.000000
13713.000000
-1.000000
33227.000000
46278.000000
88219.000000
62286.000000
80225.000000
40613.000000
26463.000000
40093.000000
12071.000000
66187.000000
10218.000000
82224.000000
81700.000000
65187.000000
38994.000000
70879.000000
61080.000000
45475.000000
38606.000000
15661.000000
94970.000000
59066.000000
78778.000000
56156.000000
30006.000000
32583.000000
35417.000000
54358.000000
80796.000000
60196.000000
97734.000000
43214.000000
31957.000000
30052.000000
25926.000000
94126.000000
30025.000000
119905.000000
60385.000000
46538.000000
35436.000000
36872.000000
21705.000000
101189.000000
20520.000000
9458.000000
34232.000000
33172.000000
-1.000000
41751.000000
60257.000000
31431.000000
52212.000000
21820.000000
40295.000000
33213.000000
23969.000000
95594.000000
40596.000000
114096.000000
54174.000000
36847.000000
70998.000000
43353.000000
28619.000000
67976.000000
11063.000000
43141.000000
126870.000000
30522.000000
50018.000000
24938.000000
59412.000000
11510.000000
56507.000000
86259.000000
53271.000000
27735.000000
128855.000000
10753.000000
63341.000000
27574.000000
19089.000000
75171.000000
22170.000000
114009.000000
65510.000000
79233.000000
66587.000000
23242.000000
27411.000000
107954.000000
40127.000000
44978.000000
53760.000000
45948.000000
41892.000000
-1.000000
92952.000000
62582.000000
84907.000000
57482.000000
64050.000000
10002.000000
40995.000000
105734.000000
54823.000000
110906.000000
87410.000000
69757.000000
56947.000000
78952.000000
49125.000000
89350.000000
50744.000000
33581.000000
133635.000000
63217.000000
82713.000000
37873.000000
73881.000000
30704.000000
23800.000000
91320.000000
89888.000000
55720.000000
136399.000000
51207.000000
70622.000000
54080.000000
76104.000000
149748.000000
86947.000000
167166.000000
112467.000000
14435.000000
30261.000000
78481.000000
67986.000000
148449.000000
70871.000000
59550.000000
78174.000000
88386.000000
60275.000000
92881.000000
-1.000000
32942.000000
10135.000000
50830.000000
83010.000000
84977.000000
79183.000000
138706.000000
88381.000000
161356.000000
9387.000000
24975.000000
126619.000000
18300.000000
48425.000000
108993.000000
50197.000000
98763.000000
174130.000000
30609.000000
12275.000000
58920.000000
102608.000000
68350.000000
113429.000000
133519.000000
13870.000000
39769.000000
172050.000000
49914.000000
110601.000000
70289.000000
44666.000000
123867.000000
56615.000000
145098.000000
89719.000000
19072.000000
4751.000000
47042.000000
36547.000000
126382.000000
45123.000000
33670.000000
56107.000000
62505.000000
31595.000000
62550.000000
32791.000000
-1.000000
24853.000000
33311.000000
60943.000000
54645.000000
53302.000000
116639.000000
66314.000000
139289.000000
27249.000000
9383.000000
100739.000000
20011.000000
16986.000000
88623.000000
24358.000000
72882.000000
152063.000000
6887.000000
22659.000000
27482.000000
80540.000000
38018.000000
83097.000000
111452.000000
29765.000000
8330.000000
149982.000000
21234.000000
88534.000000
48222.000000
68094.000000
141626.000000
78876.000000
159044.000000
104345.000000
6313.000000
22250.000000
70471.000000
59975.000000
140327.000000
62749.000000
51428.000000
70052.000000
80264.000000
52204.000000
84810.000000
10104.000000
24931.000000
-1.000000
42708.000000
74888.000000
76906.000000
71061.000000
130584.000000
80259.000000
153234.000000
4803.000000
16964.000000
118497.000000
10178.000000
40415.000000
102568.000000
42075.000000
90641.000000
166008.000000
22538.000000
2443.000000
50910.000000
94486.000000
60279.000000
105358.000000
125397.000000
10783.000000
31758.000000
163928.000000
41843.000000
102479.000000
62167.000000
43187.000000
103091.000000
43819.000000
117227.000000
62529.000000
39303.000000
37384.000000
56125.000000
40958.000000
98511.000000
20933.000000
13796.000000
28236.000000
40546.000000
21786.000000
57170.000000
50568.000000
33379.000000
42573.000000
-1.000000
33072.000000
48236.000000
32400.000000
88768.000000
38443.000000
111418.000000
44048.000000
36012.000000
78945.000000
33227.000000
41579.000000
60752.000000
14357.000000
52106.000000
124192.000000
29890.000000
41945.000000
43310.000000
52669.000000
28770.000000
70301.000000
83581.000000
42378.000000
37490.000000
122111.000000
23699.000000
60663.000000
20350.000000
59721.000000
90380.000000
45129.000000
100293.000000
47330.000000
70258.000000
64921.000000
72791.000000
58281.000000
76884.000000
27234.000000
31414.000000
13027.000000
26422.000000
40290.000000
63624.000000
82809.000000
60916.000000
74815.000000
33079.000000
-1.000000
54690.000000
28365.000000
56018.000000
23244.000000
94484.000000
76290.000000
63549.000000
64822.000000
65469.000000
66264.000000
28003.000000
40506.000000
41210.000000
94044.000000
57427.000000
74186.000000
64462.000000
24662.000000
45305.000000
60966.000000
66647.000000
75386.000000
65027.000000
89370.000000
48398.000000
44800.000000
14096.000000
14884.000000
76366.000000
15569.000000
112632.000000
64133.000000
71207.000000
58561.000000
24987.000000
20808.000000
106088.000000
31000.000000
35850.000000
44632.000000
40126.000000
33189.000000
9858.000000
84926.000000
54557.000000
76881.000000
48354.000000
54923.000000
-1.000000
31868.000000
103084.000000
47845.000000
109529.000000
79384.000000
61732.000000
55570.000000
70926.000000
42522.000000
82372.000000
42041.000000
32204.000000
131769.000000
55192.000000
74688.000000
31535.000000
66903.000000
22112.000000
30648.000000
89943.000000
81863.000000
49118.000000
134534.000000
42736.000000
68757.000000
44952.000000
37733.000000
73949.000000
21353.000000
98877.000000
39357.000000
65383.000000
57024.000000
50803.000000
36293.000000
80161.000000
12029.000000
20342.000000
15929.000000
12144.000000
23961.000000
40758.000000
78953.000000
53019.000000
70958.000000
32388.000000
28250.000000
31824.000000
-1.000000
74808.000000
19568.000000
93068.000000
72433.000000
55921.000000
50294.000000
61612.000000
51814.000000
54095.000000
29340.000000
22964.000000
105842.000000
49799.000000
69511.000000
46890.000000
38626.000000
23317.000000
41921.000000
65231.000000
71530.000000
50930.000000
108068.000000
33948.000000
42313.000000
25089.000000
109337.000000
61194.000000
88392.000000
53795.000000
41085.000000
126011.000000
120674.000000
122407.000000
107976.000000
26956.000000
78911.000000
87167.000000
61940.000000
66133.000000
95543.000000
106035.000000
138563.000000
116670.000000
130568.000000
88832.000000
56004.000000
102903.000000
74488.000000
-1.000000
58131.000000
47986.000000
132043.000000
119302.000000
60762.000000
121222.000000
122017.000000
39225.000000
96260.000000
74287.000000
39524.000000
113180.000000
129940.000000
118573.000000
39430.000000
95000.000000
90592.000000
25096.000000
131140.000000
120780.000000
34850.000000
104152.000000
35752.000000
69849.000000
54244.000000
68573.000000
33299.000000
80014.000000
25315.000000
75726.000000
70389.000000
67314.000000
52883.000000
61298.000000
23817.000000
35292.000000
10467.000000
10276.000000
40550.000000
54727.000000
88277.000000
66384.000000
80282.000000
38546.000000
23237.000000
47810.000000
19394.000000
58266.000000
-1.000000
74204.000000
81758.000000
69016.000000
43047.000000
70936.000000
68404.000000
39337.000000
44384.000000
23479.000000
86979.000000
62895.000000
79654.000000
63479.000000
23683.000000
39906.000000
43234.000000
46368.000000
80854.000000
67519.000000
89743.000000
50538.000000
23449.000000
26832.000000
123330.000000
40927.000000
99732.000000
9083.000000
55486.000000
148275.000000
142938.000000
133436.000000
125902.000000
24714.000000
96837.000000
108311.000000
83016.000000
82198.000000
113570.000000
111106.000000
160827.000000
138934.000000
152832.000000
111096.000000
94010.000000
109387.000000
92414.000000
48075.000000
73740.000000
-1.000000
154307.000000
141566.000000
57560.000000
143486.000000
141423.000000
80623.000000
117404.000000
82446.000000
31062.000000
135445.000000
152204.000000
136499.000000
72200.000000
112926.000000
92834.000000
28120.000000
153404.000000
140539.000000
39673.000000
123557.000000
51193.000000
99382.000000
70469.000000
143130.000000
81312.000000
160548.000000
105850.000000
8800.000000
24626.000000
72846.000000
62351.000000
141832.000000
64254.000000
52933.000000
71557.000000
81768.000000
54361.000000
87246.000000
9422.000000
27307.000000
4801.000000
44213.000000
76393.000000
79342.000000
72565.000000
132089.000000
81764.000000
154739.000000
-1.000000
19340.000000
120002.000000
11730.000000
42790.000000
104073.000000
43580.000000
92145.000000
167513.000000
24974.000000
6792.000000
53285.000000
95990.000000
62715.000000
107794.000000
126902.000000
6775.000000
34134.000000
165432.000000
44278.000000
103984.000000
63672.000000
52543.000000
126520.000000
63721.000000
147645.000000
92371.000000
11068.000000
6700.000000
54920.000000
44425.000000
128929.000000
47776.000000
36322.000000
58653.000000
65158.000000
36873.000000
69656.000000
24787.000000
9380.000000
16850.000000
35858.000000
63490.000000
61751.000000
55955.000000
119185.000000
68860.000000
141835.000000
19245.000000
-1.000000
103391.000000
12008.000000
24864.000000
91170.000000
27011.000000
75535.000000
154610.000000
7223.000000
14656.000000
35359.000000
83087.000000
45124.000000
90203.000000
113999.000000
21762.000000
16208.000000
152529.000000
26512.000000
91080.000000
50768.000000
69194.000000
26488.000000
45596.000000
60421.000000
20415.000000
112727.000000
104368.000000
79299.000000
72804.000000
53268.000000
58336.000000
67686.000000
51794.000000
38692.000000
70780.000000
56970.000000
126297.000000
100364.000000
118302.000000
78695.000000
64545.000000
55251.000000
49949.000000
60638.000000
42679.000000
57318.000000
119778.000000
103265.000000
-1.000000
108956.000000
92582.000000
66009.000000
76684.000000
28310.000000
78949.000000
97144.000000
116855.000000
83531.000000
47543.000000
63489.000000
38698.000000
36096.000000
118874.000000
95837.000000
81714.000000
80767.000000
25526.000000
68133.000000
62566.000000
132301.000000
71437.000000
149720.000000
95021.000000
6978.000000
17220.000000
65440.000000
54447.000000
131003.000000
53425.000000
42104.000000
60728.000000
70940.000000
43532.000000
78742.000000
18243.000000
19901.000000
10248.000000
33384.000000
65564.000000
70838.000000
61737.000000
121260.000000
70935.000000
143910.000000
11696.000000
11934.000000
109173.000000
-1.000000
35385.000000
93244.000000
32751.000000
81316.000000
156684.000000
16470.000000
9620.000000
45880.000000
85162.000000
52922.000000
97919.000000
116073.000000
11674.000000
26728.000000
154604.000000
35774.000000
93155.000000
52843.000000
30258.000000
115902.000000
47996.000000
147693.000000
88173.000000
34515.000000
20894.000000
31583.000000
22140.000000
128976.000000
46974.000000
35520.000000
60641.000000
60959.000000
28494.000000
48922.000000
48234.000000
16889.000000
40296.000000
41420.000000
66349.000000
42533.000000
51756.000000
122045.000000
68383.000000
141883.000000
42692.000000
24826.000000
92774.000000
35454.000000
-1.000000
94030.000000
27539.000000
64928.000000
154657.000000
21492.000000
38102.000000
12022.000000
85821.000000
29399.000000
71939.000000
114046.000000
45208.000000
9220.000000
155263.000000
18053.000000
91128.000000
53628.000000
87509.000000
90621.000000
67926.000000
86721.000000
46505.000000
98046.000000
92709.000000
100579.000000
86069.000000
61246.000000
55022.000000
59202.000000
40078.000000
45666.000000
68078.000000
89354.000000
109285.000000
88704.000000
102603.000000
60867.000000
28038.000000
82437.000000
54022.000000
39151.000000
39362.000000
80911.000000
104078.000000
91336.000000
66182.000000
93257.000000
94052.000000
-1.000000
68294.000000
59520.000000
76743.000000
85215.000000
101974.000000
92250.000000
19737.000000
73093.000000
79275.000000
58021.000000
99398.000000
92815.000000
72069.000000
76186.000000
41172.000000
41884.000000
34978.000000
100021.000000
39076.000000
123935.000000
65873.000000
36484.000000
28125.000000
45510.000000
30343.000000
105219.000000
21277.000000
9823.000000
34944.000000
38659.000000
11171.000000
50803.000000
50054.000000
24120.000000
42059.000000
14480.000000
40652.000000
42265.000000
29456.000000
96348.000000
44575.000000
118126.000000
43535.000000
27022.000000
76893.000000
32713.000000
27685.000000
68333.000000
-1.000000
49036.000000
130900.000000
20900.000000
40612.000000
29416.000000
60124.000000
20561.000000
65558.000000
90289.000000
42631.000000
26801.000000
129566.000000
9805.000000
67371.000000
27931.000000
42110.000000
51703.000000
18100.000000
85636.000000
35061.000000
85060.000000
76701.000000
55180.000000
45308.000000
76541.000000
31871.000000
40019.000000
28418.000000
15594.000000
43113.000000
33954.000000
98630.000000
72697.000000
90636.000000
52245.000000
41169.000000
32234.000000
22909.000000
74322.000000
23317.000000
82533.000000
92111.000000
75598.000000
28575.000000
81290.000000
65086.000000
59572.000000
49017.000000
-1.000000
102222.000000
69477.000000
89189.000000
56035.000000
41148.000000
35993.000000
20791.000000
61611.000000
91207.000000
68341.000000
104986.000000
53100.000000
39210.000000
44757.000000
140231.000000
70078.000000
116889.000000
30331.000000
68963.000000
161243.000000
155906.000000
153301.000000
138870.000000
26499.000000
109805.000000
121279.000000
95984.000000
94919.000000
126538.000000
133913.000000
173795.000000
151902.000000
165800.000000
124064.000000
94675.000000
131603.000000
105382.000000
39730.000000
86708.000000
31168.000000
167275.000000
154534.000000
79139.000000
156454.000000
154391.000000
76994.000000
130372.000000
102165.000000
-1.000000
148412.000000
165172.000000
149467.000000
77951.000000
125893.000000
116057.000000
43522.000000
166372.000000
153507.000000
9561.000000
136525.000000
64161.000000
108225.000000
46934.000000
120433.000000
57176.000000
141558.000000
86284.000000
16819.000000
9547.000000
51577.000000
38816.000000
122842.000000
41689.000000
30235.000000
52566.000000
59071.000000
30504.000000
63111.000000
30539.000000
6843.000000
22494.000000
29771.000000
57403.000000
55206.000000
49868.000000
113098.000000
62773.000000
135748.000000
24997.000000
7245.000000
97304.000000
16539.000000
21521.000000
85083.000000
20924.000000
69448.000000
148523.000000
-1.000000
20300.000000
31034.000000
77000.000000
38579.000000
83658.000000
107912.000000
27475.000000
12865.000000
146442.000000
20143.000000
84993.000000
44681.000000
65974.000000
140115.000000
76756.000000
158554.000000
103855.000000
5843.000000
20131.000000
68351.000000
57856.000000
139837.000000
61371.000000
49918.000000
69562.000000
78753.000000
50084.000000
82690.000000
12275.000000
22811.000000
2457.000000
42238.000000
74398.000000
74786.000000
69551.000000
130094.000000
79769.000000
152744.000000
6861.000000
14844.000000
116987.000000
9708.000000
38295.000000
102078.000000
40586.000000
89130.000000
165518.000000
20418.000000
-1.000000
48790.000000
93996.000000
58159.000000
103238.000000
124907.000000
12841.000000
29638.000000
163438.000000
39723.000000
101989.000000
61677.000000
19241.000000
107115.000000
39209.000000
141049.000000
83340.000000
44978.000000
31357.000000
23032.000000
11677.000000
124144.000000
43475.000000
33729.000000
58503.000000
56127.000000
24978.000000
37905.000000
58697.000000
27353.000000
50759.000000
43325.000000
64566.000000
31737.000000
46924.000000
118791.000000
63551.000000
137051.000000
53155.000000
35289.000000
83987.000000
45918.000000
12026.000000
92247.000000
29445.000000
56142.000000
149825.000000
31053.000000
48566.000000
-1.000000
82609.000000
24149.000000
60922.000000
109214.000000
55672.000000
19684.000000
152052.000000
19958.000000
86296.000000
51845.000000
73359.000000
73496.000000
52414.000000
78533.000000
29248.000000
89887.000000
84550.000000
86429.000000
71998.000000
59565.000000
42933.000000
51043.000000
25962.000000
30154.000000
59565.000000
73842.000000
102439.000000
80546.000000
94444.000000
52708.000000
24630.000000
66925.000000
38510.000000
39543.000000
23682.000000
72723.000000
95919.000000
83178.000000
47971.000000
85098.000000
85893.000000
19723.000000
60136.000000
41222.000000
77477.000000
77056.000000
93816.000000
82595.000000
-1.000000
59022.000000
60978.000000
44886.000000
95016.000000
84656.000000
72803.000000
68028.000000
24236.000000
33725.000000
14807.000000
86875.000000
18968.000000
119257.000000
59737.000000
54631.000000
41985.000000
27877.000000
13501.000000
100541.000000
19872.000000
15832.000000
35660.000000
32523.000000
11558.000000
30632.000000
68350.000000
37981.000000
60305.000000
28707.000000
45392.000000
22156.000000
23321.000000
95188.000000
39948.000000
113448.000000
62808.000000
45156.000000
63747.000000
52701.000000
29483.000000
73072.000000
20410.000000
35901.000000
126222.000000
38616.000000
58112.000000
24098.000000
59006.000000
-1.000000
45450.000000
85611.000000
62618.000000
32737.000000
128448.000000
21105.000000
62693.000000
32671.000000
42043.000000
53201.000000
26973.000000
93010.000000
50183.000000
99495.000000
86849.000000
46196.000000
50364.000000
90337.000000
50717.000000
57632.000000
48165.000000
35342.000000
56330.000000
23814.000000
113214.000000
82845.000000
105169.000000
70136.000000
60916.000000
30531.000000
41755.000000
90407.000000
43064.000000
92751.000000
107672.000000
90020.000000
38792.000000
97473.000000
72078.000000
79319.000000
65182.000000
20688.000000
116018.000000
83480.000000
102976.000000
60826.000000
60895.000000
45254.000000
-1.000000
73164.000000
107390.000000
77601.000000
118782.000000
65877.000000
55295.000000
64504.000000
99523.000000
36664.000000
76181.000000
34146.000000
28255.000000
120535.000000
115199.000000
112593.000000
98162.000000
17695.000000
69097.000000
80572.000000
55277.000000
54211.000000
85830.000000
91374.000000
133087.000000
111194.000000
125092.000000
83356.000000
66270.000000
89655.000000
64674.000000
25258.000000
46000.000000
28336.000000
126567.000000
113826.000000
36184.000000
115746.000000
113683.000000
57806.000000
89664.000000
61457.000000
43376.000000
107705.000000
124464.000000
108759.000000
44461.000000
85186.000000
73102.000000
-1.000000
125664.000000
112799.000000
46141.000000
95817.000000
23454.000000
71642.000000
72969.000000
142470.000000
81606.000000
159888.000000
105189.000000
11192.000000
27126.000000
75346.000000
64851.000000
141172.000000
63594.000000
52272.000000
70896.000000
81108.000000
53701.000000
89830.000000
13937.000000
29806.000000
10728.000000
42669.000000
75732.000000
81926.000000
71905.000000
131428.000000
81103.000000
154078.000000
6805.000000
21840.000000
119342.000000
11920.000000
45290.000000
99291.000000
42919.000000
91485.000000
166853.000000
27558.000000
12719.000000
55785.000000
95330.000000
63090.000000
108088.000000
126241.000000
-1.000000
36634.000000
164772.000000
46863.000000
103323.000000
63011.000000
36807.000000
119322.000000
51415.000000
147102.000000
87582.000000
25898.000000
12277.000000
39184.000000
28689.000000
128386.000000
46383.000000
34930.000000
60050.000000
60368.000000
27904.000000
55471.000000
39617.000000
8273.000000
31679.000000
37417.000000
65048.000000
49082.000000
51166.000000
120744.000000
67793.000000
141292.000000
34075.000000
16209.000000
96194.000000
26838.000000
9128.000000
92729.000000
26948.000000
68348.000000
154067.000000
12875.000000
29486.000000
19623.000000
84646.000000
32818.000000
77897.000000
113456.000000
36592.000000
-1.000000
154088.000000
17462.000000
90537.000000
52327.000000
142878.000000
77701.000000
119536.000000
38924.000000
71610.000000
159594.000000
154257.000000
155948.000000
141517.000000
29145.000000
112451.000000
120750.000000
95669.000000
97565.000000
129184.000000
136560.000000
172145.000000
150252.000000
164150.000000
122415.000000
89882.000000
134249.000000
108028.000000
34937.000000
89355.000000
39760.000000
165626.000000
152884.000000
81786.000000
154805.000000
155600.000000
72201.000000
129842.000000
104811.000000
9437.000000
146763.000000
163522.000000
152113.000000
73158.000000
128540.000000
118704.000000
46168.000000
164722.000000
154363.000000
-1.000000
137734.000000
66808.000000
103432.000000
34876.000000
104176.000000
39698.000000
129955.000000
70435.000000
36190.000000
25087.000000
42089.000000
27689.000000
111239.000000
29237.000000
17783.000000
42903.000000
43222.000000
10757.000000
51088.000000
49909.000000
21083.000000
41864.000000
23683.000000
48612.000000
42887.000000
34019.000000
104308.000000
50646.000000
124146.000000
44367.000000
26499.000000
81048.000000
35909.000000
18176.000000
76292.000000
9802.000000
53191.000000
136920.000000
20174.000000
39670.000000
19907.000000
68084.000000
21183.000000
66180.000000
96309.000000
46846.000000
17292.000000
137526.000000
-1.000000
73391.000000
35891.000000
76804.000000
50971.000000
53920.000000
57184.000000
5993.000000
97816.000000
92479.000000
89874.000000
75443.000000
38468.000000
46378.000000
57852.000000
32558.000000
31949.000000
63111.000000
70944.000000
110368.000000
88475.000000
102373.000000
60637.000000
44642.000000
68633.000000
41955.000000
35744.000000
23281.000000
51374.000000
103848.000000
91107.000000
25670.000000
93027.000000
90964.000000
41115.000000
66945.000000
39195.000000
64149.000000
84986.000000
101745.000000
86040.000000
24029.000000
62467.000000
55501.000000
23537.000000
102945.000000
90080.000000
66913.000000
73098.000000
-1.000000
48923.000000
46978.000000
93877.000000
38674.000000
105526.000000
50827.000000
57514.000000
52177.000000
60048.000000
45538.000000
86810.000000
14491.000000
18670.000000
16534.000000
29920.000000
27546.000000
53783.000000
70066.000000
48173.000000
62071.000000
20335.000000
14169.000000
44849.000000
24980.000000
69865.000000
26741.000000
99716.000000
63546.000000
50805.000000
68319.000000
52725.000000
53521.000000
41849.000000
27763.000000
44708.000000
107883.000000
44684.000000
61443.000000
51719.000000
33767.000000
32561.000000
64463.000000
71879.000000
62643.000000
52283.000000
103209.000000
35655.000000
48961.000000
-1.000000
