-1.000000
2764390.000000
766318.000000
3813204.000000
2225920.000000
1828289.000000
1435618.000000
328812.000000
259099.000000
3469812.000000
1053698.000000
921183.000000
1496673.000000
1358241.000000
790393.000000
588364.000000
2239838.000000
1338308.000000
1996828.000000
1319477.000000
1860488.000000
404106.000000
1161793.000000
3288048.000000
1576123.000000
3698471.000000
2069776.000000
1554210.000000
2068733.000000
1871454.000000
915051.000000
2708052.000000
1062519.000000
1292849.000000
4231674.000000
1407627.000000
1933713.000000
591435.000000
2204250.000000
454923.000000
1284410.000000
2990146.000000
2147908.000000
1111610.000000
4285218.000000
1050800.000000
2284322.000000
1454804.000000
2757887.000000
-1.000000
2085623.000000
1216829.000000
1321078.000000
4078421.000000
3792535.000000
3030386.000000
2973083.000000
1490968.000000
2498279.000000
2739410.000000
2246373.000000
1871806.000000
2851657.000000
2326734.000000
4514449.000000
3695226.000000
4273363.000000
3125749.000000
2641256.000000
2362120.000000
2216747.000000
1822657.000000
2005884.000000
1176014.000000
4231015.000000
3801084.000000
768150.000000
3989371.000000
3503383.000000
2604036.000000
3013646.000000
1542637.000000
2073746.000000
3607243.000000
4177158.000000
3313929.000000
2155439.000000
2631090.000000
1617743.000000
1059287.000000
4206938.000000
3617611.000000
2214355.000000
3159685.000000
1478974.000000
2722474.000000
751990.000000
2087243.000000
-1.000000
3147174.000000
1555930.000000
2185669.000000
1795493.000000
1086022.000000
843124.000000
2854610.000000
719171.000000
951167.000000
986381.000000
773087.000000
898472.000000
558466.000000
2597219.000000
1698183.000000
2354439.000000
1351082.000000
1381263.000000
412650.000000
554372.000000
2702894.000000
990969.000000
3032442.000000
2427157.000000
1907758.000000
1402703.000000
2146786.000000
1438386.000000
2097589.000000
1170599.000000
547676.000000
3616473.000000
1723265.000000
2291324.000000
1183970.000000
1619096.000000
566093.000000
823147.000000
2374945.000000
2364353.000000
1552615.000000
3708216.000000
1187851.000000
1703403.000000
1142722.000000
3815133.000000
1217345.000000
3146815.000000
-1.000000
1873545.000000
4696823.000000
4521800.000000
4113136.000000
3969313.000000
886689.000000
3144770.000000
3478873.000000
2750590.000000
2724788.000000
3661621.000000
3542176.000000
5097120.000000
4424491.000000
4856034.000000
3612469.000000
3094366.000000
3419365.000000
3014632.000000
1617570.000000
2454113.000000
206392.000000
4813686.000000
4516179.000000
1829342.000000
4572043.000000
4489156.000000
2532696.000000
3757930.000000
2603829.000000
866641.000000
4322339.000000
4833435.000000
4310159.000000
2354058.000000
3651938.000000
2833185.000000
1045041.000000
4789610.000000
4479113.000000
1121543.000000
3969649.000000
1746279.000000
3226986.000000
2212663.000000
1322688.000000
1558144.000000
1876111.000000
-1.000000
3026951.000000
2806226.000000
2546695.000000
2255025.000000
1317707.000000
1469367.000000
1753100.000000
1080718.000000
871647.000000
1871521.000000
1962947.000000
3427248.000000
2708917.000000
3186162.000000
1942596.000000
1474357.000000
1960105.000000
1224532.000000
1274987.000000
784241.000000
1594750.000000
3143814.000000
2814774.000000
631410.000000
2902170.000000
2699056.000000
1342365.000000
2027337.000000
1092094.000000
2079570.000000
2620934.000000
3163562.000000
2569008.000000
845062.000000
1861838.000000
1483041.000000
838042.000000
3119737.000000
2689013.000000
2171313.000000
2179549.000000
166500.000000
1557114.000000
1845587.000000
4077593.000000
2184107.000000
4693971.000000
3023420.000000
-1.000000
457262.000000
1958894.000000
1587300.000000
4135567.000000
1679089.000000
1343681.000000
1944326.000000
2220054.000000
1363648.000000
2381842.000000
416087.000000
532820.000000
175001.000000
1161399.000000
2083865.000000
2126649.000000
1934711.000000
3766484.000000
2242717.000000
4507268.000000
246025.000000
293854.000000
3393054.000000
183157.000000
1008006.000000
2931429.000000
1064119.000000
2533025.000000
4897430.000000
469443.000000
138115.000000
1331822.000000
2712844.000000
1619301.000000
3003540.000000
3655902.000000
322723.000000
736964.000000
4793812.000000
1050204.000000
2950078.000000
1678181.000000
1437315.000000
3797164.000000
1795404.000000
4522238.000000
2807305.000000
454954.000000
-1.000000
1550622.000000
1179029.000000
3963834.000000
1398661.000000
1063252.000000
1772592.000000
1939626.000000
1032641.000000
1993140.000000
866503.000000
104614.000000
623493.000000
1082026.000000
1912132.000000
1737946.000000
1654282.000000
3594750.000000
2070984.000000
4335534.000000
696441.000000
180874.000000
3112625.000000
495060.000000
599735.000000
2759696.000000
782495.000000
2252596.000000
4725696.000000
208026.000000
560377.000000
923551.000000
2541111.000000
1230599.000000
2614838.000000
3484168.000000
774573.000000
328693.000000
4622078.000000
719197.000000
2778345.000000
1506447.000000
328788.000000
3034723.000000
1101406.000000
4105653.000000
2561008.000000
1944619.000000
1551948.000000
-1.000000
421563.000000
3804900.000000
1388786.000000
1256271.000000
1831761.000000
1693329.000000
1072261.000000
708224.000000
2356168.000000
1454638.000000
2113158.000000
1665779.000000
2195576.000000
698137.000000
1496881.000000
3623136.000000
1911211.000000
3990920.000000
2186106.000000
1670540.000000
2361182.000000
1984725.000000
991908.000000
3043140.000000
1331206.000000
1627937.000000
4566762.000000
1579722.000000
2050043.000000
569602.000000
2539338.000000
790011.000000
1404270.000000
3325234.000000
2264238.000000
1227940.000000
4620306.000000
1135436.000000
2619410.000000
1789892.000000
258808.000000
2923361.000000
857263.000000
3983292.000000
2255104.000000
1569931.000000
1177260.000000
420292.000000
-1.000000
3490279.000000
993987.000000
861471.000000
1436961.000000
1387426.000000
651438.000000
845340.000000
1981480.000000
1079950.000000
1738470.000000
1244957.000000
1800777.000000
619498.000000
1102082.000000
3308515.000000
1596590.000000
3861979.000000
1811418.000000
1295852.000000
2238821.000000
1613096.000000
656693.000000
2648341.000000
910384.000000
1383794.000000
4252141.000000
1149269.000000
1675355.000000
347305.000000
2224717.000000
398971.000000
1541387.000000
3010613.000000
1889550.000000
853252.000000
4305685.000000
805142.000000
2304790.000000
1395093.000000
3455437.000000
1491352.000000
2853869.000000
888629.000000
1316129.000000
4139407.000000
3964383.000000
3789468.000000
3487708.000000
-1.000000
2587353.000000
2921456.000000
2193174.000000
2167371.000000
3104204.000000
3274182.000000
4539703.000000
3867074.000000
4298617.000000
3055052.000000
2351835.000000
3255829.000000
2457215.000000
772906.000000
1896696.000000
701925.000000
4256269.000000
3958762.000000
1548393.000000
4014626.000000
3931739.000000
1784880.000000
3200513.000000
2387818.000000
767608.000000
3764922.000000
4276018.000000
3801691.000000
1703588.000000
3094521.000000
2622839.000000
549740.000000
4232193.000000
3921696.000000
859351.000000
3412232.000000
1188863.000000
2669570.000000
1054001.000000
2499147.000000
716668.000000
3145375.000000
1466769.000000
1681497.000000
1395611.000000
1388032.000000
991993.000000
2586971.000000
-1.000000
337665.000000
543983.000000
599090.000000
608489.000000
1219151.000000
2115474.000000
1298302.000000
1874388.000000
630823.000000
832589.000000
942824.000000
311645.000000
2405207.000000
693282.000000
2958671.000000
1832040.000000
1404160.000000
1710013.000000
1590396.000000
1355612.000000
1680153.000000
616722.000000
954578.000000
3348833.000000
1210319.000000
1780234.000000
1305976.000000
1321409.000000
598806.000000
1483728.000000
2107305.000000
1807964.000000
1345569.000000
3402377.000000
836105.000000
1401481.000000
426905.000000
920509.000000
2739450.000000
950784.000000
3508874.000000
1749590.000000
1345004.000000
1059117.000000
1254540.000000
858501.000000
2950470.000000
332967.000000
-1.000000
759229.000000
881912.000000
270216.000000
1362589.000000
1781031.000000
961808.000000
1539945.000000
400899.000000
937013.000000
1086262.000000
596568.000000
2619631.000000
1024210.000000
3322171.000000
1497597.000000
1067666.000000
2054911.000000
1255954.000000
1019118.000000
1784577.000000
280228.000000
1194882.000000
3712333.000000
873825.000000
1443740.000000
998039.000000
1545847.000000
465314.000000
1770217.000000
2470805.000000
1473521.000000
1009075.000000
3626814.000000
499611.000000
1764981.000000
531329.000000
1509783.000000
2252914.000000
987461.000000
2750827.000000
1080276.000000
1945660.000000
1770637.000000
1843815.000000
1447775.000000
2192423.000000
542160.000000
762515.000000
-1.000000
411779.000000
1028254.000000
1602789.000000
2345957.000000
1673328.000000
2104871.000000
861306.000000
394667.000000
1326462.000000
430024.000000
1893533.000000
299574.000000
2564124.000000
2062523.000000
1765016.000000
1522703.000000
1820880.000000
1780462.000000
1224792.000000
1041572.000000
875457.000000
2954286.000000
1571176.000000
2082272.000000
1756077.000000
809735.000000
1054588.000000
1498197.000000
1712758.000000
2038447.000000
1770419.000000
2890703.000000
1260955.000000
1006934.000000
475824.000000
1342369.000000
1873724.000000
770994.000000
2727498.000000
870414.000000
2221818.000000
1935932.000000
1676401.000000
1384731.000000
2169094.000000
599073.000000
882806.000000
410978.000000
-1.000000
1001227.000000
1282167.000000
2657846.000000
1838622.000000
2416760.000000
1226333.000000
805860.000000
1149899.000000
354238.000000
1993743.000000
268133.000000
2461852.000000
2374412.000000
1944480.000000
1113658.000000
2132768.000000
1828762.000000
1388438.000000
1157043.000000
469615.000000
2930957.000000
1750640.000000
2320555.000000
1698714.000000
909945.000000
991544.000000
1092355.000000
1689429.000000
2350335.000000
1818719.000000
3022700.000000
1309255.000000
1017887.000000
887078.000000
790089.000000
2847801.000000
897806.000000
3661877.000000
1868298.000000
1365438.000000
1029894.000000
1070912.000000
651142.000000
3103473.000000
607180.000000
268769.000000
1027919.000000
1000619.000000
-1.000000
1278821.000000
1776987.000000
932584.000000
1534207.000000
633672.000000
1203469.000000
999363.000000
715276.000000
2898335.000000
1209784.000000
3475173.000000
1516930.000000
1087701.000000
2163262.000000
1275286.000000
835297.000000
2051033.000000
299099.000000
1303233.000000
3865335.000000
903034.000000
1471092.000000
735585.000000
1814537.000000
334894.000000
1717239.000000
2623807.000000
1492853.000000
825254.000000
3895505.000000
315790.000000
1917983.000000
797785.000000
588474.000000
2330409.000000
558548.000000
3460299.000000
1961980.000000
2383798.000000
1993621.000000
707853.000000
845954.000000
3278097.000000
1200273.000000
1343909.000000
1571289.000000
1283565.000000
1280187.000000
-1.000000
2795347.000000
1896311.000000
2552567.000000
1743823.000000
1875988.000000
264326.000000
1132517.000000
3235377.000000
1537895.000000
3345567.000000
2625285.000000
2105886.000000
1715829.000000
2385221.000000
1501905.000000
2644515.000000
1552314.000000
1020732.000000
4039960.000000
1921394.000000
2489452.000000
1178290.000000
2166022.000000
944717.000000
699956.000000
2684428.000000
2639016.000000
1698465.000000
4131703.000000
1549215.000000
2126890.000000
1623825.000000
2253152.000000
4489164.000000
2591672.000000
5091436.000000
3420885.000000
411896.000000
864827.000000
2366459.000000
1994865.000000
4533032.000000
2110842.000000
1755252.000000
2341790.000000
2631625.000000
1771213.000000
2789407.000000
-1.000000
940385.000000
277359.000000
1501354.000000
2481329.000000
2534214.000000
2346282.000000
4163948.000000
2640182.000000
4904732.000000
267637.000000
701419.000000
3804625.000000
523112.000000
1415571.000000
2814183.000000
1475690.000000
2944596.000000
5294894.000000
877008.000000
350987.000000
1739387.000000
3110308.000000
2026866.000000
3411105.000000
4053366.000000
291165.000000
1144530.000000
5191276.000000
1457769.000000
3347542.000000
2075645.000000
1339037.000000
3699107.000000
1697126.000000
4424181.000000
2709248.000000
529057.000000
103534.000000
1452344.000000
1080751.000000
3865777.000000
1300604.000000
965196.000000
1674535.000000
1841569.000000
934584.000000
1894861.000000
940606.000000
-1.000000
697596.000000
983969.000000
1814075.000000
1639668.000000
1556225.000000
3496693.000000
1972927.000000
4237477.000000
770545.000000
254978.000000
3014568.000000
569163.000000
501457.000000
2661639.000000
684438.000000
2154539.000000
4627639.000000
179535.000000
634481.000000
825273.000000
2443054.000000
1132320.000000
2516559.000000
3386111.000000
848676.000000
230415.000000
4524021.000000
621140.000000
2680288.000000
1408391.000000
2011627.000000
4251611.000000
2353699.000000
4853882.000000
3183331.000000
174342.000000
623302.000000
2124934.000000
1753340.000000
4295478.000000
1873288.000000
1517699.000000
2104237.000000
2394072.000000
1533241.000000
2551434.000000
281827.000000
698860.000000
-1.000000
1263801.000000
2243776.000000
2296241.000000
2108728.000000
3926395.000000
2402628.000000
4667179.000000
127089.000000
459894.000000
3567072.000000
285559.000000
1174046.000000
3091340.000000
1238137.000000
2707042.000000
5057341.000000
639036.000000
63913.000000
1497862.000000
2872755.000000
1788893.000000
3173132.000000
3815813.000000
305883.000000
903004.000000
4953723.000000
1219797.000000
3109989.000000
1838092.000000
1321195.000000
3127216.000000
1351146.000000
3611050.000000
1940499.000000
1161301.000000
1080678.000000
1663062.000000
1243291.000000
3052646.000000
630456.000000
401212.000000
861404.000000
1227506.000000
632588.000000
1762950.000000
1505791.000000
983368.000000
1264705.000000
-1.000000
1000943.000000
1486624.000000
940062.000000
2683562.000000
1159796.000000
3424346.000000
1222357.000000
1075057.000000
2338429.000000
980714.000000
1188448.000000
1848507.000000
408538.000000
1582648.000000
3814508.000000
881217.000000
1242106.000000
1240673.000000
1629922.000000
866000.000000
2170579.000000
2572980.000000
1228233.000000
1106897.000000
3710890.000000
670613.000000
1867156.000000
595259.000000
1858914.000000
2646545.000000
1381092.000000
3030710.000000
1474359.000000
2084056.000000
1909033.000000
2192946.000000
1796907.000000
2352145.000000
830839.000000
934755.000000
395326.000000
805411.000000
1203800.000000
1892233.000000
2484353.000000
1811723.000000
2243267.000000
999701.000000
-1.000000
1615906.000000
817547.000000
1684909.000000
693656.000000
2844007.000000
2200919.000000
1903412.000000
1916334.000000
1959275.000000
1952702.000000
849854.000000
1213812.000000
1269089.000000
2876542.000000
1709571.000000
2220667.000000
1931622.000000
637489.000000
1403719.000000
1891829.000000
1992641.000000
2176842.000000
1935252.000000
2745780.000000
1433195.000000
1311843.000000
416462.000000
405515.000000
2369020.000000
413791.000000
3417834.000000
1919514.000000
2128924.000000
1738747.000000
703515.000000
620711.000000
3256780.000000
948998.000000
1092633.000000
1320013.000000
1157633.000000
1002189.000000
279209.000000
2540473.000000
1641437.000000
2297693.000000
1492547.000000
1624712.000000
-1.000000
881241.000000
3087440.000000
1375515.000000
3303101.000000
2370411.000000
1851012.000000
1673363.000000
2130347.000000
1276663.000000
2482135.000000
1274316.000000
978267.000000
4018642.000000
1666520.000000
2234578.000000
961557.000000
2003642.000000
669810.000000
888391.000000
2641962.000000
2384142.000000
1473222.000000
4110385.000000
1291568.000000
2105572.000000
1372550.000000
1161984.000000
2218559.000000
547268.000000
3017253.000000
1223674.000000
1937063.000000
1651177.000000
1496015.000000
1099976.000000
2458849.000000
312360.000000
598051.000000
412860.000000
355995.000000
716472.000000
1150815.000000
2373091.000000
1553867.000000
2132005.000000
939620.000000
805071.000000
874488.000000
-1.000000
2277085.000000
565160.000000
2830549.000000
2089657.000000
1659725.000000
1438117.000000
1848013.000000
1544007.000000
1671780.000000
872287.000000
673991.000000
3220711.000000
1465885.000000
2035799.000000
1413959.000000
1193287.000000
706789.000000
1203140.000000
1979183.000000
2065580.000000
1533964.000000
3274255.000000
1024500.000000
1273359.000000
699726.000000
3274000.000000
1835755.000000
2702625.000000
1630596.000000
1274417.000000
3767807.000000
3592783.000000
3608031.000000
3306271.000000
784042.000000
2405916.000000
2618506.000000
1894591.000000
1995260.000000
2901863.000000
3232470.000000
4168104.000000
3495474.000000
3927018.000000
2683452.000000
1685066.000000
3081529.000000
2275778.000000
-1.000000
1752541.000000
1443893.000000
3884670.000000
3587163.000000
1900934.000000
3643026.000000
3636453.000000
1093256.000000
2897562.000000
2346107.000000
1142229.000000
3393322.000000
3904418.000000
3620254.000000
1144275.000000
2913084.000000
2752564.000000
778742.000000
3860593.000000
3619003.000000
1011468.000000
3116946.000000
1114945.000000
2100213.000000
1562060.000000
2007484.000000
990686.000000
2455454.000000
784903.000000
2253168.000000
2078145.000000
1896092.000000
1594332.000000
1897049.000000
693977.000000
1028080.000000
306935.000000
266753.000000
1210828.000000
1538462.000000
2653465.000000
1980836.000000
2412379.000000
1168814.000000
700574.000000
1369590.000000
563839.000000
1750589.000000
-1.000000
2268750.000000
2370031.000000
2072524.000000
1247418.000000
2128388.000000
2038363.000000
1217448.000000
1307137.000000
702467.000000
2658912.000000
1878684.000000
2389780.000000
1908315.000000
638081.000000
1201145.000000
1325207.000000
1417384.000000
2345955.000000
2028320.000000
2750655.000000
1518856.000000
711560.000000
783332.000000
3699766.000000
1177948.000000
3031449.000000
207360.000000
1594117.000000
4510828.000000
4335805.000000
3997769.000000
3859130.000000
700694.000000
2958775.000000
3292878.000000
2564596.000000
2460167.000000
3475626.000000
3344750.000000
4911125.000000
4238496.000000
4670039.000000
3426474.000000
2908371.000000
3303999.000000
2828637.000000
1431576.000000
2268118.000000
-1.000000
4627691.000000
4330184.000000
1713976.000000
4386048.000000
4303161.000000
2346702.000000
3571935.000000
2488463.000000
831801.000000
4136344.000000
4647440.000000
4173113.000000
2168063.000000
3465943.000000
2736468.000000
859046.000000
4603615.000000
4293118.000000
1086702.000000
3783654.000000
1560285.000000
3040992.000000
2085255.000000
4230269.000000
2423775.000000
4811319.000000
3140768.000000
243999.000000
696930.000000
2198562.000000
1826969.000000
4252915.000000
1830725.000000
1496357.000000
2061674.000000
2372730.000000
1516918.000000
2621510.000000
272614.000000
772488.000000
126114.000000
1221238.000000
2201213.000000
2366317.000000
2087386.000000
3883832.000000
2360066.000000
4624616.000000
-1.000000
533522.000000
3545730.000000
246636.000000
1247675.000000
3048777.000000
1216795.000000
2685700.000000
5014778.000000
709112.000000
188304.000000
1571491.000000
2830192.000000
1858969.000000
3243208.000000
3773250.000000
193050.000000
976633.000000
4911160.000000
1289873.000000
3067426.000000
1795529.000000
1568594.000000
3801231.000000
1920680.000000
4514472.000000
2811371.000000
291154.000000
180269.000000
1681901.000000
1310307.000000
3956068.000000
1402727.000000
1067319.000000
1764826.000000
1943692.000000
1087568.000000
2118415.000000
702704.000000
255827.000000
459693.000000
1074260.000000
1904366.000000
1863222.000000
1658348.000000
3586984.000000
2063218.000000
4327768.000000
532642.000000
-1.000000
3116692.000000
331261.000000
731013.000000
2751930.000000
786562.000000
2256662.000000
4717930.000000
203620.000000
396578.000000
1054829.000000
2533345.000000
1355874.000000
2740113.000000
3476402.000000
610773.000000
459972.000000
4614312.000000
774124.000000
2770579.000000
1498681.000000
2071882.000000
767889.000000
1403565.000000
1827820.000000
629552.000000
3396363.000000
3110477.000000
2369885.000000
2226063.000000
1547561.000000
1711765.000000
2057351.000000
1523670.000000
1114045.000000
2169599.000000
1716866.000000
3832391.000000
3013168.000000
3591305.000000
2339026.000000
1918553.000000
1676115.000000
1437051.000000
1902950.000000
1248124.000000
1713088.000000
3548957.000000
3119026.000000
-1.000000
3307313.000000
2821325.000000
1970327.000000
2331588.000000
860579.000000
2309423.000000
2925185.000000
3495100.000000
2566909.000000
1397679.000000
1949032.000000
1108584.000000
1000781.000000
3524880.000000
2935553.000000
2401166.000000
2477627.000000
794462.000000
1999771.000000
1872438.000000
3989583.000000
2148941.000000
4570634.000000
2900083.000000
183352.000000
495918.000000
1997550.000000
1614152.000000
4012230.000000
1590040.000000
1255671.000000
1820988.000000
2132044.000000
1276232.000000
2386307.000000
527842.000000
571476.000000
286756.000000
980552.000000
1960527.000000
2131113.000000
1846701.000000
3643146.000000
2119380.000000
4383930.000000
248606.000000
332510.000000
3305044.000000
-1.000000
1046663.000000
2808091.000000
976109.000000
2445015.000000
4774092.000000
473908.000000
264157.000000
1370478.000000
2589506.000000
1586029.000000
2968374.000000
3532564.000000
273972.000000
775621.000000
4670474.000000
1054669.000000
2826740.000000
1554843.000000
915912.000000
3503779.000000
1437681.000000
4489649.000000
2696070.000000
992569.000000
599898.000000
990044.000000
657625.000000
3931245.000000
1355117.000000
1019709.000000
1781378.000000
1828392.000000
834372.000000
1502444.000000
1404118.000000
502588.000000
1161108.000000
1189996.000000
1954274.000000
1276602.000000
1543048.000000
3636893.000000
2037556.000000
4302945.000000
1234056.000000
718489.000000
2819239.000000
1032675.000000
-1.000000
2801838.000000
778206.000000
1964212.000000
4693107.000000
627672.000000
1097993.000000
362972.000000
2567996.000000
872875.000000
2198490.000000
3451579.000000
1312188.000000
275890.000000
4648964.000000
518813.000000
2745756.000000
1548590.000000
2707426.000000
2605353.000000
2097284.000000
2534620.000000
1341703.000000
2932568.000000
2757544.000000
3041458.000000
2645418.000000
1784964.000000
1679351.000000
1783266.000000
1224711.000000
1389919.000000
2052311.000000
2645061.000000
2813627.000000
2660235.000000
3091779.000000
1848213.000000
849827.000000
2476189.000000
1670437.000000
1092631.000000
1209251.000000
2347916.000000
3049431.000000
2751923.000000
1968220.000000
2807787.000000
2801214.000000
-1.000000
2062323.000000
1688104.000000
2171846.000000
2558083.000000
3069179.000000
2780134.000000
550878.000000
2252231.000000
2310844.000000
1682765.000000
2624763.000000
2783764.000000
2041085.000000
2281707.000000
1182230.000000
1264974.000000
1064749.000000
3015066.000000
1172466.000000
3792470.000000
2025207.000000
1065887.000000
779275.000000
1330231.000000
910460.000000
3234066.000000
616563.000000
281154.000000
1042824.000000
1157528.000000
299757.000000
1553482.000000
1501914.000000
681965.000000
1260828.000000
409577.000000
1215720.000000
1274024.000000
872184.000000
2898339.000000
1307806.000000
3605766.000000
1218480.000000
787823.000000
2330527.000000
976837.000000
780602.000000
2063284.000000
-1.000000
1470498.000000
3995928.000000
593983.000000
1163897.000000
832827.000000
1829442.000000
609554.000000
1991900.000000
2754400.000000
1194404.000000
770559.000000
3910410.000000
262768.000000
2048576.000000
810036.000000
1278231.000000
1543539.000000
546867.000000
2603471.000000
1090336.000000
2535888.000000
2250002.000000
1612263.000000
1369365.000000
2389017.000000
955746.000000
1196876.000000
870755.000000
469312.000000
1309124.000000
1019436.000000
2971916.000000
2152692.000000
2730830.000000
1583215.000000
1265638.000000
978685.000000
674214.000000
2346297.000000
700992.000000
2488738.000000
2688482.000000
2258550.000000
859000.000000
2446838.000000
1964627.000000
1686642.000000
1471113.000000
-1.000000
3150879.000000
2064710.000000
2634625.000000
1710211.000000
1180405.000000
1092334.000000
629737.000000
1909351.000000
2664405.000000
2078855.000000
3242622.000000
1617152.000000
1237810.000000
1346856.000000
4218879.000000
2075910.000000
3617311.000000
866090.000000
2079571.000000
4902848.000000
4727825.000000
4552910.000000
4251150.000000
769147.000000
3350795.000000
3684898.000000
2956616.000000
2930813.000000
3867646.000000
4037624.000000
5303145.000000
4630516.000000
5062059.000000
3818494.000000
2877671.000000
4019271.000000
3220657.000000
1142605.000000
2660138.000000
831717.000000
5019711.000000
4722204.000000
2311835.000000
4778068.000000
4695181.000000
2172142.000000
3963955.000000
3151260.000000
-1.000000
4528364.000000
5039460.000000
4565133.000000
2273103.000000
3857963.000000
3386281.000000
1313182.000000
4995635.000000
4685138.000000
263969.000000
4175674.000000
1952305.000000
3258538.000000
1407035.000000
3607811.000000
1723167.000000
4321052.000000
2617951.000000
470286.000000
205616.000000
1578012.000000
1148748.000000
3762648.000000
1209308.000000
873899.000000
1571407.000000
1750273.000000
902709.000000
1920903.000000
881835.000000
179993.000000
639055.000000
880841.000000
1710946.000000
1665709.000000
1464929.000000
3393565.000000
1869799.000000
4134349.000000
711773.000000
203256.000000
2923272.000000
471709.000000
627125.000000
2558510.000000
593142.000000
2063243.000000
4524511.000000
-1.000000
575940.000000
918212.000000
2339925.000000
1158361.000000
2542601.000000
3282983.000000
725504.000000
356083.000000
4420893.000000
589265.000000
2577159.000000
1305262.000000
1948125.000000
4175901.000000
2290198.000000
4817621.000000
3147070.000000
153526.000000
559800.000000
2061432.000000
1689839.000000
4259217.000000
1777397.000000
1441989.000000
2067976.000000
2318362.000000
1469739.000000
2487933.000000
356259.000000
635358.000000
63617.000000
1242985.000000
2207515.000000
2232740.000000
2033018.000000
3890134.000000
2366368.000000
4630918.000000
190211.000000
396392.000000
3491362.000000
264743.000000
1110545.000000
3055079.000000
1187769.000000
2631332.000000
5021080.000000
575534.000000
-1.000000
1434361.000000
2836494.000000
1725392.000000
3109631.000000
3779552.000000
369005.000000
839503.000000
4917462.000000
1156295.000000
3073728.000000
1801831.000000
593053.000000
3265429.000000
1199331.000000
4325361.000000
2566627.000000
1315798.000000
923127.000000
571411.000000
347980.000000
3801801.000000
1305509.000000
997358.000000
1756508.000000
1698948.000000
735189.000000
1179586.000000
1727347.000000
825817.000000
1484337.000000
1243939.000000
1932058.000000
961566.000000
1413604.000000
3620037.000000
1908113.000000
4173502.000000
1557285.000000
1041718.000000
2580890.000000
1355904.000000
363087.000000
2779622.000000
832149.000000
1725862.000000
4563663.000000
916883.000000
1421221.000000
-1.000000
2536239.000000
710493.000000
1875632.000000
3322136.000000
1635417.000000
599119.000000
4617207.000000
572756.000000
2616312.000000
1526374.000000
2190229.000000
2155704.000000
1618854.000000
2355442.000000
844617.000000
2713532.000000
2538509.000000
2524260.000000
2222500.000000
1763147.000000
1322145.000000
1564231.000000
810820.000000
911489.000000
1818092.000000
2166631.000000
3113829.000000
2441199.000000
2872743.000000
1629177.000000
639583.000000
1997758.000000
1192007.000000
1129566.000000
636422.000000
2168738.000000
2830395.000000
2532888.000000
1395638.000000
2588751.000000
2582178.000000
552254.000000
1843288.000000
1180930.000000
2257497.000000
2339047.000000
2850143.000000
2536483.000000
-1.000000
1829313.000000
1803670.000000
1317372.000000
2806318.000000
2564728.000000
2126736.000000
2062671.000000
686148.000000
1045938.000000
455135.000000
2632013.000000
565916.000000
3655211.000000
1861632.000000
1620357.000000
1230180.000000
789167.000000
396282.000000
3096807.000000
600515.000000
467999.000000
1043489.000000
993954.000000
337209.000000
943868.000000
2031906.000000
1132871.000000
1789126.000000
866294.000000
1407305.000000
667473.000000
708610.000000
2915043.000000
1203119.000000
3468507.000000
1861844.000000
1342446.000000
1947474.000000
1585523.000000
873074.000000
2254869.000000
609336.000000
1092447.000000
3858669.000000
1157953.000000
1726011.000000
710265.000000
1831245.000000
-1.000000
1385349.000000
2617141.000000
1803090.000000
987302.000000
3912213.000000
626588.000000
1911318.000000
1001621.000000
1284569.000000
1625168.000000
827324.000000
2841893.000000
1476539.000000
3003702.000000
2613525.000000
1403948.000000
1542049.000000
2620086.000000
1484979.000000
1769200.000000
1493303.000000
1091860.000000
1716504.000000
700296.000000
3415251.000000
2516215.000000
3172471.000000
2169114.000000
1888186.000000
888484.000000
1203448.000000
2749937.000000
1323540.000000
2734446.000000
3245189.000000
2725790.000000
1104708.000000
2964818.000000
2198000.000000
2309190.000000
1988631.000000
629744.000000
3381949.000000
2541298.000000
3109356.000000
1874385.000000
1802952.000000
1384125.000000
-1.000000
2073307.000000
3182385.000000
2370647.000000
3473692.000000
2005883.000000
1641449.000000
1969403.000000
2975711.000000
1059757.000000
2374143.000000
1046030.000000
836403.000000
3659681.000000
3484658.000000
3309743.000000
3007983.000000
549447.000000
2107627.000000
2441730.000000
1713448.000000
1687646.000000
2624479.000000
2684125.000000
4059978.000000
3387348.000000
3818892.000000
2575327.000000
2057223.000000
2643374.000000
1977490.000000
766038.000000
1416971.000000
859326.000000
3776544.000000
3479037.000000
1001397.000000
3534900.000000
3452014.000000
1681164.000000
2720787.000000
1908093.000000
1311310.000000
3285197.000000
3796292.000000
3321965.000000
1316915.000000
2614795.000000
2075843.000000
-1.000000
3752467.000000
3441970.000000
1403053.000000
2932506.000000
709137.000000
2189844.000000
2165508.000000
4210098.000000
2369456.000000
4791149.000000
3120598.000000
321196.000000
777183.000000
2278815.000000
1907222.000000
4232745.000000
1810555.000000
1476186.000000
2041503.000000
2352560.000000
1496747.000000
2637849.000000
290091.000000
852742.000000
305984.000000
1228823.000000
2181043.000000
2382655.000000
2067216.000000
3863661.000000
2339895.000000
4604445.000000
195456.000000
613775.000000
3525559.000000
256406.000000
1327928.000000
2624048.000000
1196624.000000
2665530.000000
4994607.000000
725450.000000
368174.000000
1651744.000000
2810021.000000
1806544.000000
3188889.000000
3753079.000000
-1.000000
1056886.000000
4890989.000000
1306211.000000
3047255.000000
1775358.000000
1112228.000000
3619102.000000
1553004.000000
4480900.000000
2687321.000000
720996.000000
328325.000000
1225535.000000
853942.000000
3922496.000000
1346367.000000
1010959.000000
1772629.000000
1819642.000000
825622.000000
1698760.000000
1132546.000000
231016.000000
889535.000000
1106400.000000
1936506.000000
1472918.000000
1534298.000000
3619124.000000
2028807.000000
4294196.000000
962484.000000
446917.000000
2934562.000000
761103.000000
274648.000000
2784070.000000
769456.000000
2079535.000000
4684358.000000
356100.000000
826420.000000
598464.000000
2565485.000000
988198.000000
2372437.000000
3442830.000000
1040615.000000
-1.000000
4646452.000000
510063.000000
2737006.000000
1530822.000000
4309258.000000
2215392.000000
3707690.000000
1120425.000000
2169950.000000
4794634.000000
4619610.000000
4643289.000000
4341529.000000
859526.000000
3441174.000000
3645332.000000
2891922.000000
3021192.000000
3958025.000000
4128003.000000
5194930.000000
4522301.000000
4953845.000000
3710279.000000
2746173.000000
4109651.000000
3311036.000000
1011108.000000
2750518.000000
1086052.000000
4911496.000000
4613989.000000
2402214.000000
4669853.000000
4663280.000000
2040644.000000
3924389.000000
3241639.000000
262355.000000
4420149.000000
4931245.000000
4655512.000000
2141606.000000
3948342.000000
3476660.000000
1403561.000000
4887420.000000
4645830.000000
-1.000000
4143773.000000
2042684.000000
3127040.000000
1050170.000000
3158140.000000
1186961.000000
3972216.000000
2178637.000000
1051333.000000
715789.000000
1135424.000000
802347.000000
3413812.000000
837684.000000
502275.000000
1263945.000000
1310959.000000
316939.000000
1547092.000000
1462883.000000
618480.000000
1220103.000000
672563.000000
1436841.000000
1288519.000000
1025615.000000
3119460.000000
1520123.000000
3785512.000000
1292821.000000
773596.000000
2473601.000000
1052757.000000
519586.000000
2284405.000000
260773.000000
1613572.000000
4175674.000000
588929.000000
1156988.000000
571811.000000
2050563.000000
624049.000000
2006394.000000
2934146.000000
1306552.000000
509543.000000
4131531.000000
-1.000000
2228323.000000
1031157.000000
2269902.000000
1480143.000000
1703696.000000
1746269.000000
165956.000000
2953871.000000
2778848.000000
2603933.000000
2302173.000000
1187865.000000
1401818.000000
1735921.000000
1007639.000000
1017198.000000
1918669.000000
2124009.000000
3354168.000000
2681539.000000
3113082.000000
1869517.000000
1357753.000000
2105657.000000
1271680.000000
1113923.000000
711161.000000
1559566.000000
3070734.000000
2773227.000000
792472.000000
2829091.000000
2746204.000000
1181301.000000
2014978.000000
1237645.000000
1949728.000000
2579387.000000
3090483.000000
2616156.000000
685021.000000
1908986.000000
1644103.000000
708200.000000
3046658.000000
2736161.000000
2041471.000000
2226697.000000
-1.000000
1484035.000000
1452805.000000
2725727.000000
1139012.000000
3224092.000000
1553541.000000
1677946.000000
1502923.000000
1786836.000000
1390797.000000
2665688.000000
424729.000000
528645.000000
474446.000000
884593.000000
797690.000000
1641494.000000
2078243.000000
1405614.000000
1837157.000000
593592.000000
417535.000000
1365168.000000
697867.000000
2100154.000000
772838.000000
3037389.000000
1794809.000000
1497302.000000
1995516.000000
1553166.000000
1546592.000000
1265099.000000
807702.000000
1348271.000000
3258243.000000
1303462.000000
1814558.000000
1525513.000000
1046514.000000
997610.000000
1971011.000000
2186023.000000
1770733.000000
1529142.000000
3127482.000000
1027085.000000
1480199.000000
-1.000000
